1374502634,2930,2935,31328461531536106363571557892096.000000
1374502636,2930,2941,10963166764765837348777276473344.000000
1374502642,2930,2941,10963166764765837348777276473344.000000
1374502645,2930,2942,10963166764765837348777276473344.000000
1374502646,2930,2936,10963166764765837348777276473344.000000
1374502649,2930,2943,10963166764765837348777276473344.000000
1374502650,2930,2933,10963166764765837348777276473344.000000
1374502651,2930,2933,10963166764765837348777276473344.000000
1374502654,2930,2931,494557990167805993751242866688.000000
1374502655,2930,2941,494557990167805993751242866688.000000
1374502658,2930,2940,494557990167805993751242866688.000000
1374502664,2930,2939,494557990167805993751242866688.000000
1374502665,2930,2936,494557990167805993751242866688.000000
1374502666,2930,2937,494557990167805993751242866688.000000
1374502674,2930,2936,166266004712705111134270652416.000000
1374502676,2930,2934,164271050436749795253035204608.000000
1374502678,2930,2942,164271050436749795253035204608.000000
1374502679,2930,2938,101820313223432452649611427840.000000
1374502684,2930,2937,44013801494792711240532623360.000000
1374502689,2930,2940,44013801494792711240532623360.000000
1374502637,2931,2935,80315320489624102859257021464576.000000
1374502643,2931,2937,44681743550451783624605902569472.000000
1374502648,2931,2939,1847790073660625101683349782528.000000
1374502649,2931,2933,1847790073660625101683349782528.000000
1374502651,2931,2941,1847790073660625101683349782528.000000
1374502656,2931,2934,494557990167805993751242866688.000000
1374502657,2931,2934,494557990167805993751242866688.000000
1374502658,2931,2934,494557990167805993751242866688.000000
1374502659,2931,2940,494557990167805993751242866688.000000
1374502666,2931,2940,255360097504048848551106576384.000000
1374502675,2931,2939,49056415260698161444395417600.000000
1374502678,2931,2943,49056415260698161444395417600.000000
1374502679,2931,2938,49056415260698161444395417600.000000
1374502685,2931,2942,49056415260698161444395417600.000000
1374502686,2931,2938,49056415260698161444395417600.000000
1374502687,2931,2939,49056415260698161444395417600.000000
1374502637,2932,2933,14150159980024495457092017061888.000000
1374502638,2932,2933,14150159980024495457092017061888.000000
1374502639,2932,2941,14150159980024495457092017061888.000000
1374502641,2932,2940,2694530331315176129880425234432.000000
1374502648,2932,2940,498366144278523938608729030656.000000
1374502651,2932,2936,498366144278523938608729030656.000000
1374502661,2932,2940,166265948044307316698528088064.000000
1374502663,2932,2940,166265948044307316698528088064.000000
1374502664,2932,2941,166265948044307316698528088064.000000
1374502665,2932,2941,166265948044307316698528088064.000000
1374502666,2932,2943,166265948044307316698528088064.000000
1374502671,2932,2933,166265948044307316698528088064.000000
1374502672,2932,2930,166265948044307316698528088064.000000
1374502675,2932,2930,166265948044307316698528088064.000000
1374502678,2932,2941,166265948044307316698528088064.000000
1374502682,2932,2934,166265948044307316698528088064.000000
1374502688,2932,2931,49056401093598712835459776512.000000
1374502696,2932,2930,49056401093598712835459776512.000000
1374502640,2933,2932,13620885002642293116630604972032.000000
1374502645,2933,2932,1847786144651711354138531987456.000000
1374502647,2933,2931,1847786144651711354138531987456.000000
1374502649,2933,2938,1847786144651711354138531987456.000000
1374502651,2933,2935,1687394027154524753985445822464.000000
1374502652,2933,2936,1214526244031857670272325779456.000000
1374502658,2933,2938,907503211642157793861833850880.000000
1374502659,2933,2937,907503211642157793861833850880.000000
1374502662,2933,2943,907503211642157793861833850880.000000
1374502665,2933,2942,468389506318564004721229561856.000000
1374502668,2933,2942,468389506318564004721229561856.000000
1374502671,2933,2936,306306328273327716095699714048.000000
1374502678,2933,2939,141515921415524883001352650752.000000
1374502680,2933,2943,141515921415524883001352650752.000000
1374502684,2933,2941,141515921415524883001352650752.000000
1374502687,2933,2930,141515921415524883001352650752.000000
1374502689,2933,2939,141515921415524883001352650752.000000
1374502694,2933,2939,141515921415524883001352650752.000000
1374502695,2933,2942,141515921415524883001352650752.000000
1374502696,2933,2937,133538182152956082120304885760.000000
1374502634,2934,2938,606760681262733163815835136950272.000000
1374502640,2934,2936,327719170258746622147640525062144.000000
1374502641,2934,2933,255232016800279684500391802699776.000000
1374502646,2934,2942,228362915103852782315042217394176.000000
1374502648,2934,2939,225478340726999821767926100262912.000000
1374502654,2934,2939,57399091902623938271611208073216.000000
1374502655,2934,2931,57399091902623938271611208073216.000000
1374502659,2934,2936,494557990167805993751242866688.000000
1374502660,2934,2938,494557990167805993751242866688.000000
1374502662,2934,2941,494557990167805993751242866688.000000
1374502665,2934,2940,494557990167805993751242866688.000000
1374502668,2934,2935,494557990167805993751242866688.000000
1374502669,2934,2942,494557990167805993751242866688.000000
1374502670,2934,2937,494557990167805993751242866688.000000
1374502671,2934,2938,494557990167805993751242866688.000000
1374502682,2934,2941,164270993768352000817292640256.000000
1374502684,2934,2943,164270993768352000817292640256.000000
1374502685,2934,2930,164270993768352000817292640256.000000
1374502688,2934,2933,164270993768352000817292640256.000000
1374502691,2934,2931,164270993768352000817292640256.000000
1374502693,2934,2933,164270993768352000817292640256.000000
1374502696,2934,2935,164270993768352000817292640256.000000
1374502697,2934,2943,164270993768352000817292640256.000000
1374502635,2935,2932,176945346371518106274042226933760.000000
1374502636,2935,2942,31328500217162334031705148489728.000000
1374502639,2935,2932,31179209967698123474920682815488.000000
1374502644,2935,2940,9569772163262031522931859783680.000000
1374502655,2935,2936,1675263514364784113017797214208.000000
1374502656,2935,2934,1675263514364784113017797214208.000000
1374502662,2935,2943,1675263514364784113017797214208.000000
1374502666,2935,2941,1675263514364784113017797214208.000000
1374502667,2935,2938,1675263514364784113017797214208.000000
1374502669,2935,2932,494557990167805993751242866688.000000
1374502672,2935,2931,494557990167805993751242866688.000000
1374502676,2935,2932,494557990167805993751242866688.000000
1374502683,2935,2931,494557990167805993751242866688.000000
1374502685,2935,2940,494557990167805993751242866688.000000
1374502690,2935,2937,494557990167805993751242866688.000000
1374502693,2935,2933,494557990167805993751242866688.000000
1374502698,2935,2932,36480198438754559057010360320.000000
1374502699,2935,2930,36480198438754559057010360320.000000
1374502636,2936,2941,2323060249283603121675310622310400.000000
1374502637,2936,2943,2323060249283603121675310622310400.000000
1374502641,2936,2941,680141434001433007680893074014208.000000
1374502644,2936,2930,57202501221541485733737188556800.000000
1374502646,2936,2930,57202501221541485733737188556800.000000
1374502647,2936,2932,10963199405762966943764993540096.000000
1374502648,2936,2931,10963199405762966943764993540096.000000
1374502652,2936,2930,494558141283533445579889704960.000000
1374502657,2936,2942,494558141283533445579889704960.000000
1374502658,2936,2942,494558141283533445579889704960.000000
1374502663,2936,2937,494557990167805993751242866688.000000
1374502665,2936,2941,417367396564638387717342756864.000000
1374502668,2936,2931,417367396564638387717342756864.000000
1374502669,2936,2937,417367396564638387717342756864.000000
1374502672,2936,2933,263402854308353798707456507904.000000
1374502682,2936,2930,44013773160593814022661341184.000000
1374502688,2936,2931,44013773160593814022661341184.000000
1374502691,2936,2930,44013773160593814022661341184.000000
1374502693,2936,2930,44013773160593814022661341184.000000
1374502694,2936,2942,44013773160593814022661341184.000000
1374502696,2936,2935,44013773160593814022661341184.000000
1374502699,2936,2933,44013773160593814022661341184.000000
1374502700,2936,2943,44013773160593814022661341184.000000
1374502634,2937,2930,784180003926792660062629366071296.000000
1374502641,2937,2940,64532320015633830048831408963584.000000
1374502642,2937,2936,57202530235761156484837381505024.000000
1374502652,2937,2941,44681700029122277497955613147136.000000
1374502653,2937,2930,44681700029122277497955613147136.000000
1374502658,2937,2938,1847790073660625101683349782528.000000
1374502662,2937,2933,907502984968566616118863593472.000000
1374502664,2937,2943,494557990167805993751242866688.000000
1374502669,2937,2940,494557990167805993751242866688.000000
1374502674,2937,2940,410581091476231666845129637888.000000
1374502675,2937,2943,410581091476231666845129637888.000000
1374502679,2937,2942,410581091476231666845129637888.000000
1374502680,2937,2931,410581091476231666845129637888.000000
1374502682,2937,2938,410581091476231666845129637888.000000
1374502683,2937,2931,410581091476231666845129637888.000000
1374502686,2937,2940,44013801494792711240532623360.000000
1374502687,2937,2942,44013801494792711240532623360.000000
1374502693,2937,2935,37203294278161283436599312384.000000
1374502695,2937,2942,33036686578377876724344946688.000000
1374502698,2937,2938,22490591495587520466101731328.000000
1374502635,2938,2935,606760990747742985160903861731328.000000
1374502638,2938,2939,606760990747742985160903861731328.000000
1374502644,2938,2931,173905913432875790188162947481600.000000
1374502645,2938,2940,173905913432875790188162947481600.000000
1374502646,2938,2931,114729004234146249003329029931008.000000
1374502647,2938,2933,101726455774017167958460441034752.000000
1374502654,2938,2941,1847790073660625101683349782528.000000
1374502655,2938,2942,1847790073660625101683349782528.000000
1374502656,2938,2937,1847790073660625101683349782528.000000
1374502661,2938,2941,494557990167805993751242866688.000000
1374502664,2938,2930,494557990167805993751242866688.000000
1374502670,2938,2941,494557990167805993751242866688.000000
1374502671,2938,2939,494557990167805993751242866688.000000
1374502677,2938,2932,334516423379375773101659783168.000000
1374502678,2938,2941,334516423379375773101659783168.000000
1374502683,2938,2940,49056401093598712835459776512.000000
1374502688,2938,2942,49056401093598712835459776512.000000
1374502692,2938,2936,49056401093598712835459776512.000000
1374502701,2938,2932,22490600940320486205392158720.000000
1374502702,2938,2939,22490600940320486205392158720.000000
1374502634,2939,2931,73212957394014946281077010170118144.000000
1374502637,2939,2933,1937754661648631635236179817791488.000000
1374502639,2939,2942,485046261857689664515218880856064.000000
1374502642,2939,2936,364194106375634660244203455381504.000000
1374502645,2939,2938,114729362076188854933564742959104.000000
1374502649,2939,2943,69357505639461699473836169232384.000000
1374502655,2939,2943,1139761435643610543591797030912.000000
1374502657,2939,2936,647391941219693795261227728896.000000
1374502658,2939,2932,647391941219693795261227728896.000000
1374502662,2939,2933,551329788898750650067193954304.000000
1374502665,2939,2941,445902881610822094757107335168.000000
1374502667,2939,2943,440892148541042497528082202624.000000
1374502668,2939,2943,440892148541042497528082202624.000000
1374502669,2939,2936,319032048134569247146082566144.000000
1374502671,2939,2943,319032048134569247146082566144.000000
1374502675,2939,2931,319032048134569247146082566144.000000
1374502679,2939,2936,49056401093598712835459776512.000000
1374502681,2939,2938,49056401093598712835459776512.000000
1374502684,2939,2932,49056401093598712835459776512.000000
1374502686,2939,2942,49056401093598712835459776512.000000
1374502688,2939,2937,49056401093598712835459776512.000000
1374502694,2939,2930,49056401093598712835459776512.000000
1374502695,2939,2941,49056401093598712835459776512.000000
1374502697,2939,2940,49056401093598712835459776512.000000
1374502699,2939,2936,49056401093598712835459776512.000000
1374502700,2939,2932,49056401093598712835459776512.000000
1374502673,2940,2942,420322464614958896906265165824.000000
1374502674,2940,2942,313997552116647849862342115328.000000
1374502675,2940,2942,313997552116647849862342115328.000000
1374502679,2940,2943,70168500756271203776167149568.000000
1374502684,2940,2941,21899190651471823317409726464.000000
1374502685,2940,2943,12562693144928284440904335360.000000
1374502689,2940,2943,9698752010331900436964966400.000000
1374502693,2940,2941,5397049801685610707965444096.000000
1374502695,2940,2942,1580080508483674119629438976.000000
1374502697,2940,2942,1580080508483674119629438976.000000
1374502699,2940,2941,1316941246047069518061109248.000000
1374502701,2940,2942,1316941246047069518061109248.000000
1374502704,2940,2944,545346038778487228583641088.000000
1374502709,2940,2944,281966525947066633815064576.000000
1374502710,2940,2942,246928540445789753251463168.000000
1374502712,2940,2941,149367492622475045212520448.000000
1374502713,2940,2942,149367492622475045212520448.000000
1374502714,2940,2944,149367492622475045212520448.000000
1374502715,2940,2944,149367492622475045212520448.000000
1374502719,2940,2943,149367492622475045212520448.000000
1374502721,2940,2942,149367492622475045212520448.000000
1374502728,2940,2943,12631606306971407846735872.000000
1374502733,2940,2944,6137639887535798646472704.000000
1374502737,2940,2943,2880689959641044005945344.000000
1374502739,2940,2943,2880689959641044005945344.000000
1374502675,2941,2944,193393620084083856585766469632.000000
1374502676,2941,2940,193393620084083856585766469632.000000
1374502678,2941,2943,87662167381675037855848595456.000000
1374502680,2941,2943,31960312863570915621142003712.000000
1374502684,2941,2944,28808999790505034020896636928.000000
1374502687,2941,2942,15273922982497440216628854784.000000
1374502688,2941,2942,15273922982497440216628854784.000000
1374502689,2941,2943,13119239382625541455685353472.000000
1374502690,2941,2944,8189287704197722736391356416.000000
1374502697,2941,2940,5397049801685610707965444096.000000
1374502698,2941,2943,5397049801685610707965444096.000000
1374502699,2941,2943,5397049801685610707965444096.000000
1374502701,2941,2940,1316940065455448800649805824.000000
1374502709,2941,2944,610191214138011761835507712.000000
1374502710,2941,2940,562679521847348408759615488.000000
1374502714,2941,2944,149367003783757091909402624.000000
1374502719,2941,2942,25084357595090146308390912.000000
1374502720,2941,2944,11408327767545928034025472.000000
1374502723,2941,2944,10690394323255207567294464.000000
1374502727,2941,2942,7913950661369586209783808.000000
1374502732,2941,2944,2880692265484053219639296.000000
1374502735,2941,2940,2880692265484053219639296.000000
1374502739,2941,2943,2485301582474025021472768.000000
1374502674,2942,2943,420322011267776541420324651008.000000
1374502677,2942,2940,70168514923370652385102790656.000000
1374502681,2942,2944,70168514923370652385102790656.000000
1374502683,2942,2943,26097301258062453432884658176.000000
1374502691,2942,2941,12157028877541954025523511296.000000
1374502693,2942,2944,8202526268336637428042301440.000000
1374502694,2942,2944,4306152448760584010907779072.000000
1374502696,2942,2943,4306152448760584010907779072.000000
1374502698,2942,2940,1580080065761816350600200192.000000
1374502699,2942,2940,1580080065761816350600200192.000000
1374502704,2942,2940,769347729757617812546781184.000000
1374502706,2942,2943,769347729757617812546781184.000000
1374502709,2942,2943,688943242280753336374263808.000000
1374502713,2942,2944,246929001614391595990253568.000000
1374502715,2942,2941,149367003783757091909402624.000000
1374502719,2942,2944,94293437694957982339563520.000000
1374502722,2942,2943,21768592241329001824518144.000000
1374502723,2942,2940,21768592241329001824518144.000000
1374502724,2942,2941,14735328341369466241679360.000000
1374502726,2942,2944,14735328341369466241679360.000000
1374502728,2942,2943,7913950084908833906360320.000000
1374502731,2942,2940,6137637005232037129355264.000000
1374502733,2942,2943,6137637005232037129355264.000000
1374502735,2942,2941,6137637005232037129355264.000000
1374502672,2943,2941,196310986480706575838920045334888448.000000
1374502674,2943,2941,7347811672278963902367875318415360.000000
1374502676,2943,2940,150515505227122949192320811008.000000
1374502677,2943,2942,150515505227122949192320811008.000000
1374502678,2943,2941,150515505227122949192320811008.000000
1374502679,2943,2940,49056401093598712835459776512.000000
1374502681,2943,2942,36989269545607906811046789120.000000
1374502686,2943,2942,12562700228478008745372155904.000000
1374502688,2943,2940,5397049801685610707965444096.000000
1374502696,2943,2944,4306150087577342576085172224.000000
1374502699,2943,2944,4306150087577342576085172224.000000
1374502700,2943,2942,4227160539157907917359808512.000000
1374502702,2943,2942,2447901385325331208994816000.000000
1374502707,2943,2942,1320661142669997491401785344.000000
1374502708,2943,2944,769348024905522991899607040.000000
1374502715,2943,2941,529762413852458136473960448.000000
1374502722,2943,2940,149367003783757091909402624.000000
1374502723,2943,2940,102907458434825910529032192.000000
1374502733,2943,2944,7913950084908833906360320.000000
1374502736,2943,2944,6137639887535798646472704.000000
1374502740,2943,2940,2880689959641044005945344.000000
