1372776875,2931,2937,1247.791016
1372776906,2931,2937,1225.885498
1372777036,2931,2940,1186.469604
1372777594,2931,2939,1159.158203
1372777647,2931,2936,1148.792847
1372777893,2931,2942,1148.792847
1372778042,2931,2939,1138.221802
1372778235,2931,2937,1136.042725
1372778595,2931,2943,1124.076538
1372778832,2931,2944,1117.390015
1372779075,2931,2930,1117.390015
1372779228,2931,2930,1117.390015
1372779380,2931,2934,1117.390015
1372779429,2931,2939,1117.390015
1372779477,2931,2935,1117.390015
1372779723,2931,2939,1104.000000
1372779774,2931,2938,1104.000000
1372780302,2931,2935,1104.000000
1372780745,2931,2942,1104.000000
1372780888,2931,2937,1104.000000
1372780935,2931,2939,1104.000000
1372781026,2931,2941,1097.699951
1372781174,2931,2935,1097.699951
1372781273,2931,2944,1097.699951
1372781322,2931,2932,1097.699951
1372781696,2931,2942,1097.699951
1372781747,2931,2939,1097.699951
1372781908,2931,2938,1097.699951
1372782290,2931,2940,1097.699951
1372782444,2931,2943,1097.699951
1372782627,2931,2934,1097.699951
1372782939,2931,2933,1097.699951
1372783165,2931,2933,1097.699951
1372783313,2931,2937,1097.699951
1372783585,2931,2933,1097.699951
1372788014,2931,2937,1097.699951
1372788153,2931,2934,1097.699951
1372788250,2931,2939,1097.699951
1372788530,2931,2941,1097.699951
1372788618,2931,2932,1097.699951
1372788664,2931,2933,1097.699951
1372788707,2931,2936,1097.699951
1372799030,2931,2941,1097.699951
1372799124,2931,2940,1097.699951
1372799173,2931,2942,1097.699951
1372799268,2931,2937,1097.699951
1372799505,2931,2932,1097.699951
1372799598,2931,2941,1097.699951
1372799981,2931,2935,1097.699951
1372800127,2931,2941,1097.699951
1372800216,2931,2938,1097.699951
1372800351,2931,2932,1097.699951
1372800632,2931,2942,1097.699951
1372800680,2931,2944,1097.699951
1372800727,2931,2940,1097.699951
1372800930,2931,2944,1097.699951
1372801071,2931,2934,1097.699951
1372801214,2931,2938,1097.699951
1372801260,2931,2936,1097.699951
1372801357,2931,2940,1097.699951
1372801697,2931,2943,1097.699951
1372801795,2931,2933,1097.380005
1372801893,2931,2937,1097.380005
1372801942,2931,2944,1097.380005
1372802042,2931,2940,1097.380005
1372802138,2931,2939,1097.380005
1372802234,2931,2937,1097.380005
1372802283,2931,2930,1097.380005
1372802429,2931,2932,1097.380005
1372802477,2931,2937,1097.380005
1372802525,2931,2934,1097.380005
1372802572,2931,2933,1097.380005
1372802833,2931,2938,1097.380005
1372802883,2931,2939,1097.380005
1372802981,2931,2943,1097.380005
1372803184,2931,2941,1097.380005
1372803237,2931,2944,1097.380005
1372803482,2931,2930,1097.380005
1372803526,2931,2939,1097.380005
1372803872,2931,2942,1097.380005
1372803922,2931,2937,1097.380005
1372804058,2931,2934,1097.380005
1372804094,2931,2938,1097.380005
1372804130,2931,2942,1097.380005
1372804208,2931,2933,1097.380005
1372804289,2931,2934,1097.380005
1372804331,2931,2937,1097.380005
1372804625,2931,2940,1097.380005
1372804664,2931,2936,1097.380005
1372804746,2931,2932,1096.910034
1372804784,2931,2936,1096.910034
1372804868,2931,2935,1096.910034
1372804962,2931,2941,1096.910034
1372805081,2931,2935,1096.910034
1372805231,2931,2942,1092.619995
1372805289,2931,2941,1092.619995
1372805348,2931,2933,1092.619995
1372805377,2931,2935,1092.619995
1372805494,2931,2935,1092.619995
1372776830,2930,2943,1269.781494
1372776879,2930,2943,1245.135254
1372776914,2930,2941,1227.390015
1372777034,2930,2942,1190.520508
1372777386,2930,2944,1161.318115
1372777439,2930,2938,1161.318115
1372777593,2930,2943,1152.829590
1372777793,2930,2940,1152.829590
1372777944,2930,2936,1142.810059
1372778041,2930,2941,1142.810059
1372778597,2930,2937,1124.189941
1372778691,2930,2937,1122.199951
1372778787,2930,2939,1122.199951
1372779232,2930,2942,1117.390015
1372779383,2930,2939,1112.989990
1372779432,2930,2938,1112.989990
1372779479,2930,2931,1112.989990
1372779674,2930,2942,1112.989990
1372779825,2930,2932,1104.000000
1372780112,2930,2933,1104.000000
1372780450,2930,2941,1104.000000
1372780501,2930,2937,1104.000000
1372780650,2930,2938,1104.000000
1372780699,2930,2942,1104.000000
1372781029,2930,2936,1097.699951
1372781275,2930,2937,1097.699951
1372781798,2930,2934,1097.699951
1372782012,2930,2939,1097.699951
1372782175,2930,2934,1097.699951
1372782493,2930,2940,1097.699951
1372782539,2930,2931,1097.699951
1372782630,2930,2931,1097.699951
1372782764,2930,2942,1097.699951
1372782854,2930,2936,1097.699951
1372783165,2930,2941,1097.699951
1372783266,2930,2938,1097.699951
1372783357,2930,2933,1097.699951
1372783452,2930,2933,1097.699951
1372783542,2930,2936,1097.699951
1372783585,2930,2942,1097.699951
1372788105,2930,2935,1097.699951
1372788152,2930,2937,1097.699951
1372788201,2930,2932,1097.699951
1372788298,2930,2941,1097.699951
1372788441,2930,2933,1097.699951
1372788663,2930,2931,1097.699951
1372799031,2930,2936,1097.699951
1372799076,2930,2944,1097.699951
1372799172,2930,2934,1097.699951
1372799409,2930,2931,1097.699951
1372799456,2930,2937,1097.699951
1372799598,2930,2935,1097.699951
1372799746,2930,2943,1097.699951
1372799796,2930,2941,1097.699951
1372799890,2930,2939,1097.699951
1372800030,2930,2937,1097.699951
1372800172,2930,2944,1097.699951
1372800216,2930,2934,1097.699951
1372800307,2930,2941,1097.699951
1372800681,2930,2933,1097.699951
1372801450,2930,2944,1097.699951
1372801992,2930,2931,1097.380005
1372802186,2930,2938,1097.380005
1372802430,2930,2936,1097.380005
1372802478,2930,2935,1097.380005
1372802884,2930,2943,1097.380005
1372802981,2930,2936,1097.380005
1372803079,2930,2935,1097.380005
1372803185,2930,2933,1097.380005
1372803238,2930,2939,1097.380005
1372803389,2930,2940,1097.380005
1372803525,2930,2940,1097.380005
1372803617,2930,2931,1097.380005
1372803715,2930,2936,1097.380005
1372803969,2930,2942,1097.380005
1372804093,2930,2937,1097.380005
1372804166,2930,2939,1097.380005
1372804206,2930,2933,1096.910034
1372804286,2930,2942,1096.910034
1372804367,2930,2940,1096.910034
1372804548,2930,2937,1096.910034
1372804621,2930,2943,1096.910034
1372804698,2930,2936,1096.910034
1372804778,2930,2936,1096.910034
1372804853,2930,2942,1096.910034
1372804948,2930,2933,1096.910034
1372805007,2930,2932,1096.910034
1372805097,2930,2938,1092.619995
1372805126,2930,2934,1092.619995
1372805156,2930,2936,1092.619995
1372805186,2930,2943,1092.619995
1372805246,2930,2940,1092.619995
1372805452,2930,2939,1092.619995
1372805481,2930,2933,1092.619995
1372805511,2930,2938,1092.619995
1372776906,2939,2944,1299.811157
1372777441,2939,2944,1163.828979
1372777595,2939,2943,1158.743530
1372778186,2939,2943,1138.219971
1372778285,2939,2933,1138.219971
1372778387,2939,2930,1137.006958
1372778491,2939,2938,1122.199951
1372778543,2939,2938,1122.199951
1372778592,2939,2943,1122.199951
1372778684,2939,2932,1122.199951
1372778732,2939,2931,1117.390015
1372778971,2939,2936,1117.390015
1372779020,2939,2932,1117.390015
1372779072,2939,2931,1117.390015
1372779124,2939,2934,1117.390015
1372779570,2939,2933,1104.000000
1372779666,2939,2931,1104.000000
1372779717,2939,2935,1104.000000
1372779768,2939,2940,1104.000000
1372779961,2939,2932,1104.000000
1372780055,2939,2943,1104.000000
1372780102,2939,2938,1104.000000
1372780246,2939,2942,1104.000000
1372780343,2939,2936,1104.000000
1372780390,2939,2934,1104.000000
1372780440,2939,2932,1104.000000
1372780541,2939,2934,1104.000000
1372780882,2939,2942,1097.699951
1372780928,2939,2937,1097.699951
1372781067,2939,2943,1097.699951
1372781695,2939,2935,1097.699951
1372782007,2939,2944,1097.699951
1372782227,2939,2942,1097.699951
1372782534,2939,2942,1097.699951
1372782580,2939,2937,1097.699951
1372782624,2939,2941,1097.699951
1372782713,2939,2941,1097.699951
1372782936,2939,2944,1097.699951
1372782981,2939,2941,1097.699951
1372783260,2939,2936,1097.699951
1372783308,2939,2941,1097.699951
1372783477,2939,2944,1097.699951
1372787994,2939,2934,1097.699951
1372788085,2939,2935,1097.699951
1372788178,2939,2942,1097.699951
1372788226,2939,2938,1097.699951
1372788274,2939,2936,1097.699951
1372788371,2939,2941,1097.699951
1372788507,2939,2932,1097.699951
1372799006,2939,2942,1097.699951
1372799098,2939,2930,1097.699951
1372799243,2939,2932,1097.699951
1372799288,2939,2931,1097.699951
1372799335,2939,2940,1097.699951
1372799820,2939,2932,1097.699951
1372800103,2939,2936,1097.699951
1372800375,2939,2941,1097.699951
1372800469,2939,2940,1097.699951
1372800609,2939,2944,1097.699951
1372801048,2939,2936,1097.699951
1372801523,2939,2938,1097.380005
1372801571,2939,2930,1097.380005
1372801670,2939,2936,1097.380005
1372801717,2939,2942,1097.380005
1372802160,2939,2933,1097.380005
1372802209,2939,2941,1097.380005
1372802355,2939,2931,1097.380005
1372802647,2939,2937,1097.380005
1372802699,2939,2938,1097.380005
1372802751,2939,2930,1097.380005
1372802805,2939,2933,1097.380005
1372802857,2939,2933,1097.380005
1372803005,2939,2937,1097.380005
1372803209,2939,2934,1097.380005
1372803363,2939,2932,1097.380005
1372803591,2939,2943,1097.380005
1372803737,2939,2941,1097.380005
1372803789,2939,2936,1097.380005
1372804074,2939,2933,1097.380005
1372804265,2939,2938,1097.380005
1372804345,2939,2943,1097.380005
1372804564,2939,2933,1096.910034
1372804640,2939,2942,1096.910034
1372804679,2939,2944,1096.910034
1372804797,2939,2936,1096.910034
1372804872,2939,2930,1096.910034
1372804905,2939,2930,1096.910034
1372804965,2939,2942,1096.910034
1372805082,2939,2934,1096.910034
1372805228,2939,2942,1096.910034
1372805464,2939,2941,1092.619995
1372805548,2939,2944,1092.619995
1372805571,2939,2944,1092.619995
1372776830,2932,2934,1295.577759
1372776904,2932,2933,1268.909790
1372776981,2932,2944,1242.050903
1372777073,2932,2930,1217.332764
1372777171,2932,2931,1193.830078
1372777428,2932,2939,1168.657471
1372777532,2932,2935,1161.439941
1372777689,2932,2942,1148.719604
1372777737,2932,2944,1143.496460
1372778032,2932,2938,1130.288818
1372778276,2932,2936,1124.193726
1372778428,2932,2944,1120.812866
1372778582,2932,2936,1118.624634
1372778675,2932,2938,1118.624634
1372778819,2932,2940,1118.320923
1372779268,2932,2933,1103.999756
1372779368,2932,2939,1103.999756
1372779417,2932,2934,1103.999756
1372779513,2932,2940,1103.999756
1372779955,2932,2935,1103.999756
1372780192,2932,2938,1103.999756
1372780289,2932,2944,1103.999756
1372780535,2932,2943,1103.999756
1372780780,2932,2935,1097.699951
1372780968,2932,2942,1097.699951
1372781307,2932,2930,1097.699951
1372781691,2932,2937,1097.699951
1372781948,2932,2938,1097.699951
1372782221,2932,2939,1097.699951
1372782279,2932,2935,1097.699951
1372782338,2932,2935,1097.699951
1372782390,2932,2931,1097.699951
1372782529,2932,2930,1097.699951
1372782708,2932,2941,1097.699951
1372782889,2932,2944,1097.699951
1372782934,2932,2931,1097.699951
1372783024,2932,2936,1097.699951
1372783259,2932,2935,1097.699951
1372783308,2932,2940,1097.699951
1372783389,2932,2931,1097.699951
1372783433,2932,2933,1097.699951
1372783477,2932,2934,1097.699951
1372783523,2932,2934,1097.699951
1372787996,2932,2930,1097.699951
1372788181,2932,2941,1097.699951
1372788230,2932,2939,1097.699951
1372788467,2932,2930,1097.699951
1372788557,2932,2931,1097.699951
1372799010,2932,2944,1097.699951
1372799293,2932,2944,1097.699951
1372799484,2932,2940,1097.699951
1372799532,2932,2939,1097.699951
1372799623,2932,2941,1097.699951
1372799672,2932,2933,1097.699951
1372799724,2932,2942,1097.699951
1372799774,2932,2934,1097.699951
1372800287,2932,2941,1097.699951
1372800379,2932,2933,1097.699951
1372800520,2932,2937,1097.699951
1372800858,2932,2942,1097.384888
1372801051,2932,2939,1097.384888
1372801145,2932,2941,1097.384888
1372801192,2932,2933,1097.384888
1372801333,2932,2943,1097.384888
1372801380,2932,2934,1097.384888
1372801475,2932,2930,1097.384888
1372801769,2932,2931,1097.384888
1372801819,2932,2935,1097.384888
1372801917,2932,2934,1097.384888
1372802115,2932,2940,1097.384888
1372802808,2932,2935,1097.380005
1372802861,2932,2940,1097.380005
1372802911,2932,2943,1097.380005
1372802960,2932,2936,1097.380005
1372803367,2932,2938,1097.380005
1372803503,2932,2937,1097.380005
1372803549,2932,2938,1097.380005
1372803793,2932,2942,1096.911499
1372803846,2932,2935,1096.911499
1372804076,2932,2940,1096.911499
1372804110,2932,2944,1096.911499
1372804494,2932,2939,1096.911499
1372804530,2932,2942,1096.911499
1372804680,2932,2931,1096.910034
1372804872,2932,2939,1096.910034
1372804905,2932,2936,1096.910034
1372805024,2932,2930,1092.623413
1372805053,2932,2931,1092.623413
1372805141,2932,2936,1092.623413
1372805350,2932,2935,1092.619995
1372805497,2932,2937,1092.619995
1372805577,2932,2942,1092.619995
1372776846,2933,2930,1296.753784
1372776983,2933,2944,1247.815918
1372777035,2933,2932,1238.792480
1372777083,2933,2932,1208.261841
1372777182,2933,2931,1181.893677
1372777286,2933,2936,1176.199951
1372777490,2933,2932,1163.260986
1372777647,2933,2936,1161.163696
1372777697,2933,2943,1152.393921
1372778088,2933,2936,1124.700806
1372778438,2933,2939,1122.204346
1372778491,2933,2942,1122.204346
1372778683,2933,2939,1117.391357
1372779518,2933,2940,1104.000000
1372779716,2933,2936,1104.000000
1372779767,2933,2936,1104.000000
1372779815,2933,2939,1104.000000
1372779864,2933,2930,1104.000000
1372779912,2933,2935,1104.000000
1372780150,2933,2934,1104.000000
1372780247,2933,2936,1104.000000
1372780492,2933,2932,1097.699951
1372780739,2933,2935,1097.699951
1372780786,2933,2939,1097.699951
1372780881,2933,2943,1097.699951
1372780928,2933,2941,1097.699951
1372781693,2933,2936,1097.699951
1372781900,2933,2944,1097.699951
1372782004,2933,2940,1097.699951
1372782224,2933,2938,1097.699951
1372782845,2933,2941,1097.699951
1372782890,2933,2934,1097.699951
1372782980,2933,2937,1097.699951
1372783024,2933,2938,1097.699951
1372783480,2933,2940,1097.699951
1372788092,2933,2940,1097.699951
1372788138,2933,2935,1097.699951
1372788235,2933,2938,1097.699951
1372788284,2933,2934,1097.699951
1372788332,2933,2935,1097.699951
1372788472,2933,2941,1097.699951
1372799061,2933,2939,1097.699951
1372799443,2933,2930,1097.699951
1372799630,2933,2942,1097.699951
1372799680,2933,2940,1097.699951
1372799877,2933,2942,1097.699951
1372800115,2933,2936,1097.699951
1372800204,2933,2936,1097.699951
1372800250,2933,2940,1097.699951
1372800434,2933,2940,1097.699951
1372800481,2933,2932,1097.699951
1372800621,2933,2944,1097.699951
1372801058,2933,2941,1097.699951
1372801295,2933,2942,1097.380005
1372801342,2933,2941,1097.380005
1372776857,2937,2938,1337.702271
1372801778,2933,2943,1097.380005
1372777235,2937,2932,1177.163940
1372801925,2933,2931,1097.380005
1372777338,2937,2943,1168.391357
1372801975,2933,2938,1097.380005
1372777491,2937,2932,1159.179321
1372802122,2933,2938,1097.380005
1372777843,2937,2930,1142.807617
1372802510,2933,2943,1097.380005
1372777944,2937,2938,1138.209839
1372802711,2933,2931,1097.380005
1372802870,2933,2943,1097.380005
1372802920,2933,2942,1097.380005
1372778235,2937,2942,1125.845825
1372802968,2933,2934,1097.380005
1372803016,2933,2931,1097.380005
1372778737,2937,2943,1118.781616
1372803326,2933,2932,1097.380005
1372778784,2937,2939,1118.781616
1372803373,2933,2938,1097.380005
1372803418,2933,2942,1097.380005
1372778926,2937,2931,1118.781616
1372803508,2933,2941,1097.380005
1372779128,2937,2941,1118.781616
1372803695,2933,2944,1097.380005
1372804044,2933,2942,1097.380005
1372779178,2937,2942,1118.781616
1372779230,2937,2932,1117.919189
1372779332,2937,2930,1117.919189
1372779383,2937,2936,1106.297241
1372804152,2933,2944,1097.380005
1372779480,2937,2931,1106.297241
1372804192,2933,2940,1097.380005
1372779674,2937,2930,1106.297241
1372804501,2933,2930,1096.910034
1372779776,2937,2931,1106.297241
1372804647,2933,2941,1096.910034
1372779872,2937,2930,1106.297241
1372779920,2937,2944,1106.297241
1372804768,2933,2935,1096.910034
1372780063,2937,2935,1104.000000
1372780111,2937,2943,1104.000000
1372804843,2933,2938,1096.910034
1372780353,2937,2942,1104.000000
1372804912,2933,2944,1096.910034
1372780401,2937,2943,1104.000000
1372804972,2933,2936,1096.910034
1372780450,2937,2932,1104.000000
1372805120,2933,2932,1096.910034
1372780748,2937,2938,1104.000000
1372805179,2933,2934,1096.910034
1372781076,2937,2938,1097.699951
1372781322,2937,2941,1097.699951
1372805210,2933,2932,1096.910034
1372781958,2937,2943,1097.699951
1372805239,2933,2930,1096.910034
1372782010,2937,2938,1097.699951
1372805474,2933,2938,1092.619995
1372782063,2937,2943,1097.699951
1372782115,2937,2944,1097.699951
1372782231,2937,2941,1097.699951
1372782582,2937,2941,1097.699951
1372782670,2937,2941,1097.699951
1372782849,2937,2944,1097.699951
1372783027,2937,2941,1097.699951
1372783073,2937,2935,1097.699951
1372783425,2937,2942,1097.699951
1372787986,2937,2944,1097.699951
1372788124,2937,2932,1097.699951
1372788172,2937,2943,1097.699951
1372788367,2937,2944,1097.699951
1372788459,2937,2933,1097.699951
1372788591,2937,2941,1097.699951
1372788635,2937,2941,1097.699951
1372799047,2937,2931,1097.699951
1372799093,2937,2943,1097.699951
1372799479,2937,2943,1097.699951
1372799667,2937,2939,1097.699951
1372799718,2937,2940,1097.699951
1372799769,2937,2932,1097.699951
1372799866,2937,2944,1097.699951
1372800002,2937,2936,1097.699951
1372800102,2937,2938,1097.699951
1372800191,2937,2943,1097.699951
1372800236,2937,2930,1097.699951
1372800371,2937,2939,1097.699951
1372800465,2937,2933,1097.699951
1372800606,2937,2941,1097.699951
1372800653,2937,2944,1097.699951
1372800749,2937,2934,1097.699951
1372800851,2937,2932,1097.699951
1372800951,2937,2941,1097.699951
1372800998,2937,2931,1097.699951
1372801233,2937,2936,1097.699951
1372801326,2937,2942,1097.699951
1372801520,2937,2930,1097.699951
1372801618,2937,2943,1097.699951
1372801667,2937,2940,1097.699951
1372801715,2937,2938,1097.699951
1372802061,2937,2943,1097.380005
1372802110,2937,2936,1097.380005
1372802158,2937,2940,1097.380005
1372802255,2937,2941,1097.380005
1372802545,2937,2940,1097.380005
1372802905,2937,2935,1097.380005
1372803206,2937,2935,1097.380005
1372803360,2937,2938,1097.380005
1372803451,2937,2943,1097.380005
1372803738,2937,2934,1097.380005
1372803790,2937,2933,1097.380005
1372803894,2937,2939,1097.380005
1372804035,2937,2935,1097.380005
1372804267,2937,2936,1097.380005
1372804348,2937,2935,1097.380005
1372804425,2937,2934,1096.910034
1372804603,2937,2938,1096.910034
1372804643,2937,2940,1096.910034
1372804804,2937,2932,1096.910034
1372804911,2937,2933,1096.910034
1372804999,2937,2934,1096.910034
1372805116,2937,2933,1096.910034
1372805146,2937,2942,1096.910034
1372805204,2937,2943,1096.910034
1372805292,2937,2940,1096.910034
1372805350,2937,2944,1096.910034
1372805580,2937,2941,1092.619995
1372776904,2936,2938,1299.903442
1372776926,2936,2931,1277.206177
1372776983,2936,2935,1247.610718
1372777183,2936,2937,1187.676025
1372777388,2936,2937,1171.564209
1372777443,2936,2930,1157.550903
1372777492,2936,2938,1157.550903
1372777545,2936,2938,1157.550903
1372777649,2936,2930,1157.550903
1372777746,2936,2933,1148.790039
1372777845,2936,2935,1148.790039
1372778141,2936,2941,1124.699951
1372778444,2936,2930,1124.189941
1372778786,2936,2939,1118.619995
1372779029,2936,2942,1117.390015
1372779383,2936,2933,1117.390015
1372779578,2936,2937,1106.300049
1372779675,2936,2938,1106.300049
1372780208,2936,2938,1097.695679
1372780256,2936,2933,1097.695679
1372780305,2936,2943,1097.695679
1372780354,2936,2941,1097.695679
1372780451,2936,2943,1097.695679
1372780700,2936,2930,1097.695679
1372780749,2936,2935,1097.695679
1372780796,2936,2939,1097.695679
1372781077,2936,2937,1097.695679
1372781226,2936,2940,1097.695679
1372781747,2936,2939,1097.695679
1372782063,2936,2937,1097.695679
1372782289,2936,2938,1097.695679
1372782348,2936,2941,1097.695679
1372782398,2936,2930,1097.695679
1372782627,2936,2942,1097.695679
1372782806,2936,2943,1097.695679
1372783030,2936,2931,1097.695679
1372783075,2936,2940,1097.695679
1372783528,2936,2938,1097.695679
1372783573,2936,2933,1097.695679
1372788047,2936,2931,1097.695679
1372788139,2936,2939,1097.695679
1372788187,2936,2940,1097.695679
1372788236,2936,2942,1097.695679
1372788332,2936,2937,1097.695679
1372788428,2936,2932,1097.695679
1372788516,2936,2932,1097.695679
1372788692,2936,2933,1097.695679
1372799016,2936,2937,1097.695679
1372799062,2936,2934,1097.695679
1372799109,2936,2944,1097.695679
1372799254,2936,2934,1097.695679
1372799298,2936,2930,1097.695679
1372799344,2936,2935,1097.695679
1372799779,2936,2938,1097.695679
1372799829,2936,2941,1097.695679
1372799876,2936,2939,1097.695679
1372799965,2936,2933,1097.695679
1372800112,2936,2941,1097.695679
1372800158,2936,2935,1097.695679
1372800201,2936,2938,1097.695679
1372800292,2936,2932,1097.695679
1372800384,2936,2930,1097.695679
1372800618,2936,2943,1097.695679
1372800863,2936,2938,1097.695679
1372800914,2936,2931,1097.695679
1372800963,2936,2940,1097.695679
1372801198,2936,2932,1097.695679
1372801292,2936,2943,1097.695679
1372801386,2936,2930,1097.695679
1372801482,2936,2937,1097.695679
1372801827,2936,2943,1097.380005
1372802170,2936,2941,1097.380005
1372802219,2936,2940,1097.380005
1372802268,2936,2940,1097.380005
1372802365,2936,2935,1097.380005
1372802558,2936,2940,1097.380005
1372802660,2936,2940,1097.380005
1372802765,2936,2931,1097.380005
1372802968,2936,2939,1097.380005
1372803016,2936,2931,1097.380005
1372803327,2936,2937,1097.380005
1372803465,2936,2930,1097.380005
1372803555,2936,2931,1097.380005
1372803859,2936,2938,1097.380005
1372804049,2936,2931,1097.380005
1372804120,2936,2942,1097.380005
1372804612,2936,2930,1097.380005
1372805065,2936,2944,1096.910034
1372805094,2936,2937,1096.910034
1372805214,2936,2932,1092.619995
1372805331,2936,2931,1092.619995
1372805361,2936,2930,1092.619995
1372805421,2936,2937,1092.619995
1372805508,2936,2937,1092.619995
1372805645,2936,2938,1092.619995
1372776853,2934,2939,1301.253174
1372776919,2934,2939,1269.787476
1372777034,2934,2944,1232.138916
1372777083,2934,2944,1215.642822
1372777134,2934,2942,1198.244995
1372777287,2934,2943,1172.591064
1372777338,2934,2935,1166.914917
1372777441,2934,2932,1161.437744
1372777544,2934,2930,1161.437744
1372777595,2934,2941,1161.437744
1372777746,2934,2939,1157.550049
1372777844,2934,2935,1156.243774
1372778188,2934,2942,1148.790039
1372778288,2934,2932,1147.194458
1372778338,2934,2940,1147.194458
1372778878,2934,2932,1139.111450
1372778926,2934,2944,1136.233398
1372779025,2934,2943,1129.966187
1372779076,2934,2930,1129.966187
1372779281,2934,2931,1117.390015
1372779330,2934,2931,1117.390015
1372779622,2934,2941,1104.000000
1372779670,2934,2933,1104.000000
1372779720,2934,2930,1104.000000
1372779966,2934,2940,1104.000000
1372780013,2934,2937,1104.000000
1372780059,2934,2938,1104.000000
1372780154,2934,2935,1104.000000
1372780251,2934,2941,1104.000000
1372780445,2934,2941,1104.000000
1372780645,2934,2941,1104.000000
1372780693,2934,2930,1104.000000
1372780930,2934,2932,1097.699951
1372781118,2934,2943,1097.699951
1372781168,2934,2943,1097.699951
1372781314,2934,2941,1097.699951
1372781743,2934,2933,1097.699951
1372781903,2934,2936,1097.699951
1372782007,2934,2939,1097.699951
1372782059,2934,2932,1097.699951
1372782168,2934,2936,1097.699951
1372782580,2934,2943,1097.699951
1372782939,2934,2930,1097.699951
1372783075,2934,2941,1097.699951
1372783215,2934,2935,1097.699951
1372783493,2934,2944,1097.699951
1372788012,2934,2938,1097.699951
1372788295,2934,2944,1097.699951
1372788343,2934,2944,1097.699951
1372788393,2934,2933,1097.699951
1372788613,2934,2944,1097.699951
1372799401,2934,2942,1097.699951
1372799635,2934,2931,1097.699951
1372799736,2934,2937,1097.699951
1372799881,2934,2942,1097.699951
1372800020,2934,2938,1097.699951
1372800118,2934,2938,1097.699951
1372800206,2934,2936,1097.699951
1372800482,2934,2944,1097.699951
1372800921,2934,2933,1097.699951
1372801489,2934,2936,1097.380005
1372801587,2934,2940,1097.380005
1372801685,2934,2931,1097.380005
1372801733,2934,2943,1097.380005
1372801880,2934,2942,1097.380005
1372802077,2934,2933,1097.380005
1372802173,2934,2939,1097.380005
1372802270,2934,2940,1097.380005
1372802420,2934,2936,1097.380005
1372802469,2934,2931,1097.380005
1372802516,2934,2943,1097.380005
1372802563,2934,2942,1097.380005
1372802614,2934,2937,1097.380005
1372802771,2934,2940,1097.380005
1372802978,2934,2933,1097.380005
1372803025,2934,2944,1097.380005
1372803074,2934,2936,1097.380005
1372803126,2934,2938,1097.380005
1372803179,2934,2943,1097.380005
1372803285,2934,2930,1097.380005
1372803336,2934,2938,1097.380005
1372803473,2934,2935,1097.380005
1372803709,2934,2933,1097.380005
1372803761,2934,2931,1097.380005
1372804089,2934,2944,1097.380005
1372804162,2934,2943,1097.380005
1372804321,2934,2938,1097.380005
1372804360,2934,2942,1097.380005
1372804436,2934,2938,1097.380005
1372804576,2934,2941,1096.910034
1372804660,2934,2941,1096.910034
1372804816,2934,2935,1096.910034
1372804854,2934,2932,1096.910034
1372804888,2934,2941,1096.910034
1372804981,2934,2944,1096.910034
1372805188,2934,2944,1092.619995
1372805277,2934,2931,1092.619995
1372805365,2934,2939,1092.619995
1372805564,2934,2931,1092.619995
1372777236,2938,2935,1181.579956
1372777288,2938,2935,1177.193970
1372777443,2938,2943,1164.833618
1372777545,2938,2934,1157.550049
1372777750,2938,2930,1156.222046
1372777899,2938,2936,1152.282593
1372777950,2938,2932,1146.570312
1372778047,2938,2933,1138.209961
1372778549,2938,2930,1122.199951
1372778644,2938,2944,1122.199951
1372778691,2938,2932,1122.199951
1372778835,2938,2932,1118.619995
1372778881,2938,2943,1118.619995
1372778978,2938,2936,1118.619995
1372779234,2938,2942,1118.619995
1372779286,2938,2935,1118.619995
1372779385,2938,2942,1118.619995
1372779434,2938,2940,1118.619995
1372779530,2938,2936,1112.989990
1372779877,2938,2934,1104.000000
1372779924,2938,2941,1104.000000
1372780258,2938,2942,1097.699951
1372780308,2938,2942,1097.699951
1372780503,2938,2939,1097.699951
1372780847,2938,2934,1097.699951
1372780940,2938,2931,1097.699951
1372780986,2938,2931,1097.699951
1372781129,2938,2936,1097.699951
1372781229,2938,2930,1097.699951
1372776847,2935,2933,1342.603271
1372781278,2938,2939,1097.699951
1372781328,2938,2931,1097.699951
1372776920,2935,2944,1297.480591
1372781799,2938,2940,1097.699951
1372777182,2935,2938,1181.579590
1372781908,2938,2943,1097.699951
1372777493,2935,2932,1166.910034
1372781959,2938,2943,1097.699951
1372777545,2935,2936,1166.910034
1372782290,2938,2940,1097.699951
1372777649,2935,2943,1161.439941
1372777699,2935,2932,1161.439941
1372782349,2938,2943,1097.699951
1372777745,2935,2940,1157.744507
1372777794,2935,2934,1157.744507
1372778042,2935,2934,1148.790039
1372778187,2935,2936,1148.790039
1372782493,2938,2942,1097.699951
1372778236,2935,2930,1148.790039
1372778287,2935,2940,1148.790039
1372778441,2935,2931,1137.182739
1372782850,2938,2930,1097.699951
1372778596,2935,2930,1123.251831
1372782894,2938,2934,1097.699951
1372782984,2938,2930,1097.699951
1372783029,2938,2940,1097.699951
1372778834,2935,2944,1123.251831
1372783214,2938,2936,1097.699951
1372783263,2938,2942,1097.699951
1372783311,2938,2932,1097.699951
1372783480,2938,2944,1097.699951
1372788000,2938,2944,1097.699951
1372778880,2935,2932,1123.251831
1372788472,2938,2937,1097.699951
1372788694,2938,2942,1097.699951
1372779027,2935,2943,1112.988037
1372779232,2935,2930,1112.988037
1372779478,2935,2943,1112.988037
1372799110,2938,2930,1097.699951
1372779775,2935,2944,1104.000000
1372779824,2935,2933,1104.000000
1372799207,2938,2934,1097.699951
1372779872,2935,2931,1104.000000
1372799782,2938,2935,1097.699951
1372779970,2935,2938,1104.000000
1372800248,2938,2944,1097.699951
1372780064,2935,2942,1104.000000
1372800477,2938,2931,1097.699951
1372800525,2938,2932,1097.699951
1372800762,2938,2940,1097.699951
1372780257,2935,2934,1104.000000
1372800913,2938,2939,1097.699951
1372780401,2935,2943,1104.000000
1372780450,2935,2939,1104.000000
1372801242,2938,2933,1097.699951
1372780748,2935,2942,1104.000000
1372801289,2938,2933,1097.699951
1372801579,2938,2941,1097.380005
1372780845,2935,2938,1097.699951
1372801628,2938,2935,1097.380005
1372780937,2935,2932,1097.699951
1372781125,2935,2931,1097.699951
1372781225,2935,2930,1097.699951
1372782009,2935,2941,1097.699951
1372801677,2938,2939,1097.380005
1372782172,2935,2933,1097.699951
1372782348,2935,2942,1097.699951
1372802024,2938,2931,1097.380005
1372802072,2938,2943,1097.380005
1372802267,2938,2935,1097.380005
1372802608,2938,2932,1097.380005
1372802660,2938,2931,1097.380005
1372782398,2935,2933,1097.699951
1372782444,2935,2933,1097.699951
1372803373,2938,2932,1097.380005
1372782672,2935,2940,1097.699951
1372803605,2938,2930,1097.380005
1372803859,2938,2933,1097.380005
1372803911,2938,2930,1097.380005
1372804086,2938,2932,1097.380005
1372782760,2935,2933,1097.699951
1372804238,2938,2939,1097.380005
1372782850,2935,2941,1097.699951
1372804278,2938,2941,1097.380005
1372804468,2938,2937,1097.380005
1372804504,2938,2942,1097.380005
1372804729,2938,2937,1096.910034
1372804847,2938,2943,1096.910034
1372804944,2938,2935,1096.910034
1372805061,2938,2933,1096.910034
1372782894,2935,2936,1097.699951
1372805268,2938,2941,1092.619995
1372805297,2938,2940,1092.619995
1372783162,2935,2943,1097.699951
1372805357,2938,2944,1092.619995
1372783212,2935,2932,1097.699951
1372783492,2935,2942,1097.699951
1372783538,2935,2931,1097.699951
1372783582,2935,2940,1097.699951
1372788103,2935,2942,1097.699951
1372788293,2935,2933,1097.699951
1372805532,2938,2937,1092.619995
1372788480,2935,2934,1097.699951
1372788613,2935,2936,1097.699951
1372805557,2938,2944,1092.619995
1372799260,2935,2939,1097.699951
1372799353,2935,2931,1097.699951
1372799739,2935,2936,1097.699951
1372800073,2935,2940,1097.699951
1372805582,2938,2932,1092.619995
1372800344,2935,2931,1097.699951
1372800485,2935,2933,1097.699951
1372800533,2935,2931,1097.699951
1372800922,2935,2934,1097.699951
1372801063,2935,2930,1097.699951
1372801109,2935,2934,1097.699951
1372805643,2938,2937,1092.619995
1372801392,2935,2937,1097.699951
1372801439,2935,2943,1097.699951
1372805667,2938,2932,1092.619995
1372801587,2935,2938,1097.699951
1372801686,2935,2930,1097.380005
1372802030,2935,2934,1097.380005
1372802273,2935,2931,1097.380005
1372802322,2935,2933,1097.380005
1372802422,2935,2940,1097.380005
1372802470,2935,2937,1097.380005
1372802518,2935,2941,1097.380005
1372802616,2935,2934,1097.380005
1372802667,2935,2930,1097.380005
1372802719,2935,2934,1097.380005
1372802772,2935,2943,1097.380005
1372802930,2935,2933,1097.380005
1372802979,2935,2944,1097.380005
1372803128,2935,2931,1097.380005
1372803288,2935,2943,1097.380005
1372803566,2935,2944,1097.380005
1372803611,2935,2937,1097.380005
1372803762,2935,2943,1097.380005
1372803814,2935,2931,1097.380005
1372804124,2935,2941,1096.910034
1372804161,2935,2930,1096.910034
1372804320,2935,2937,1096.910034
1372804507,2935,2944,1096.910034
1372804614,2935,2932,1096.910034
1372804732,2935,2943,1096.910034
1372804810,2935,2936,1096.910034
1372804916,2935,2937,1096.910034
1372804946,2935,2938,1096.910034
1372804976,2935,2931,1096.910034
1372805093,2935,2937,1096.910034
1372805183,2935,2939,1096.910034
1372805213,2935,2936,1096.910034
1372805330,2935,2939,1096.910034
1372805448,2935,2942,1092.619995
1372805508,2935,2930,1092.619995
1372805584,2935,2937,1092.619995
1372805646,2935,2943,1092.619995
1372839455,2930,2931,1222.220825
1372839526,2930,2942,1197.150635
1372839625,2930,2940,1169.241821
1372839689,2930,2943,1169.241821
1372839826,2930,2941,1157.102051
1372839917,2930,2937,1147.160278
1372839947,2930,2942,1147.160278
1372839977,2930,2934,1147.160278
1372840008,2930,2937,1147.160278
1372840142,2930,2941,1120.040039
1372840274,2930,2933,1120.040039
1372840479,2930,2940,1120.040039
1372840511,2930,2938,1118.915283
1372840577,2930,2931,1117.142944
1372840610,2930,2940,1117.142944
1372840644,2930,2935,1116.013306
1372840707,2930,2943,1107.620972
1372840742,2930,2942,1107.620972
1372841044,2930,2931,1096.260010
1372841075,2930,2942,1096.260010
1372841140,2930,2944,1096.260010
1372841236,2930,2937,1096.260010
1372841303,2930,2944,1096.260010
1372841469,2930,2940,1096.260010
1372841504,2930,2933,1096.260010
1372841538,2930,2934,1091.800049
1372841675,2930,2941,1091.800049
1372841770,2930,2938,1090.942627
1372841999,2930,2933,1090.942627
1372842123,2930,2933,1087.869995
1372842253,2930,2937,1087.869995
1372842356,2930,2943,1087.869995
1372842390,2930,2935,1087.869995
1372842423,2930,2939,1087.869995
1372842589,2930,2940,1087.869995
1372842622,2930,2935,1087.869995
1372842758,2930,2936,1087.869995
1372842889,2930,2941,1087.869995
1372842921,2930,2938,1087.869995
1372843111,2930,2939,1086.109985
1372843163,2930,2941,1086.109985
1372843371,2930,2943,1086.109985
1372843418,2930,2938,1086.109985
1372843514,2930,2938,1086.109985
1372843610,2930,2931,1086.109985
1372843846,2930,2937,1086.109985
1372844041,2930,2931,1086.109985
1372844337,2930,2941,1086.109985
1372844526,2930,2931,1079.300049
1372844758,2930,2939,1079.300049
1372844851,2930,2937,1079.300049
1372844944,2930,2943,1079.300049
1372845219,2930,2934,1079.300049
1372845264,2930,2933,1079.300049
1372845359,2930,2933,1079.300049
1372845409,2930,2934,1079.300049
1372849177,2930,2932,1076.390015
1372849214,2930,2941,1076.390015
1372849348,2930,2935,1076.390015
1372849533,2930,2942,1076.390015
1372849682,2930,2941,1076.390015
1372849732,2930,2940,1076.390015
1372850077,2930,2931,1076.390015
1372850126,2930,2940,1076.390015
1372850175,2930,2939,1076.390015
1372850224,2930,2940,1076.390015
1372850275,2930,2938,1076.390015
1372850425,2930,2938,1076.390015
1372850476,2930,2936,1076.390015
1372850677,2930,2938,1076.390015
1372850823,2930,2931,1076.390015
1372851259,2930,2942,1076.390015
1372851449,2930,2937,1076.390015
1372851497,2930,2941,1076.390015
1372851544,2930,2944,1076.390015
1372851644,2930,2934,1076.390015
1372851691,2930,2935,1076.390015
1372851884,2930,2933,1076.390015
1372851932,2930,2940,1076.390015
1372852074,2930,2941,1076.390015
1372852216,2930,2942,1076.390015
1372852406,2930,2936,1076.390015
1372852454,2930,2942,1076.390015
1372852549,2930,2934,1076.390015
1372852597,2930,2932,1074.854736
1372852692,2930,2944,1074.854736
1372853029,2930,2936,1074.854736
1372853168,2930,2943,1074.849976
1372853309,2930,2935,1074.849976
1372853364,2930,2932,1074.849976
1372853418,2930,2939,1074.849976
1372853521,2930,2936,1074.849976
1372853666,2930,2939,1074.849976
1372853863,2930,2932,1074.849976
1372853911,2930,2935,1074.849976
1372853960,2930,2939,1074.849976
1372854059,2930,2942,1074.849976
1372854108,2930,2938,1074.849976
1372854250,2930,2942,1074.849976
1372854391,2930,2931,1074.849976
1372854437,2930,2938,1074.849976
1372854485,2930,2936,1074.849976
1372855070,2930,2936,1074.849976
1372855119,2930,2942,1074.849976
1372855170,2930,2935,1074.849976
1372855423,2930,2940,1074.079956
1372855472,2930,2941,1074.079956
1372839399,2931,2942,1268.109985
1372839429,2931,2937,1244.848877
1372839539,2931,2932,1204.140625
1372839572,2931,2937,1187.162598
1372839638,2931,2932,1173.189209
1372839701,2931,2933,1171.889771
1372839927,2931,2933,1154.077759
1372840085,2931,2930,1120.040039
1372840319,2931,2936,1120.040039
1372840389,2931,2934,1120.040039
1372840423,2931,2939,1120.040039
1372840456,2931,2938,1120.040039
1372840489,2931,2932,1120.040039
1372840555,2931,2930,1120.040039
1372840621,2931,2939,1115.439575
1372840822,2931,2934,1096.260010
1372841054,2931,2936,1096.260010
1372841281,2931,2944,1094.739990
1372841414,2931,2932,1094.739990
1372841447,2931,2932,1094.739990
1372841549,2931,2935,1094.739990
1372841782,2931,2944,1094.739990
1372841815,2931,2938,1094.739990
1372841915,2931,2940,1091.800049
1372841946,2931,2942,1091.800049
1372842198,2931,2940,1091.800049
1372842231,2931,2940,1091.800049
1372842335,2931,2942,1091.800049
1372842401,2931,2932,1087.869995
1372842468,2931,2942,1087.869995
1372842568,2931,2944,1087.869995
1372842600,2931,2942,1087.869995
1372842700,2931,2940,1086.729980
1372842997,2931,2937,1086.729980
1372843178,2931,2937,1086.729980
1372843282,2931,2939,1086.729980
1372843335,2931,2930,1086.729980
1372843386,2931,2943,1086.729980
1372843861,2931,2933,1086.109985
1372844058,2931,2940,1086.109985
1372844107,2931,2933,1086.109985
1372844448,2931,2930,1079.300049
1372844636,2931,2944,1079.300049
1372844821,2931,2938,1079.300049
1372844867,2931,2944,1079.300049
1372844961,2931,2937,1079.300049
1372845007,2931,2938,1079.300049
1372845236,2931,2944,1079.300049
1372845379,2931,2942,1076.390015
1372845428,2931,2943,1076.390015
1372845478,2931,2938,1076.390015
1372845570,2931,2930,1076.390015
1372845661,2931,2941,1076.390015
1372849227,2931,2943,1076.390015
1372849271,2931,2932,1076.390015
1372849645,2931,2942,1076.390015
1372849745,2931,2938,1076.390015
1372849894,2931,2937,1076.390015
1372850236,2931,2933,1076.390015
1372850287,2931,2940,1076.390015
1372850336,2931,2932,1076.390015
1372850435,2931,2938,1076.390015
1372850588,2931,2934,1076.390015
1372850688,2931,2941,1076.390015
1372850833,2931,2938,1076.390015
1372850929,2931,2933,1076.390015
1372851124,2931,2939,1076.390015
1372851367,2931,2937,1076.390015
1372851461,2931,2936,1076.390015
1372851606,2931,2941,1076.390015
1372851847,2931,2933,1076.390015
1372852132,2931,2939,1076.390015
1372852180,2931,2937,1076.390015
1372852323,2931,2941,1076.390015
1372852370,2931,2942,1076.390015
1372852466,2931,2943,1076.390015
1372852563,2931,2932,1076.390015
1372852851,2931,2934,1076.390015
1372852993,2931,2942,1076.390015
1372853273,2931,2941,1074.849976
1372853678,2931,2938,1074.849976
1372853823,2931,2940,1074.849976
1372853923,2931,2941,1074.849976
1372853972,2931,2936,1074.849976
1372854450,2931,2932,1074.849976
1372854545,2931,2938,1074.849976
1372854597,2931,2936,1074.849976
1372854645,2931,2933,1074.849976
1372855035,2931,2938,1074.079956
1372855185,2931,2937,1074.079956
1372855436,2931,2933,1074.079956
1372839378,2934,2940,1342.972168
1372839413,2934,2943,1293.292358
1372839749,2934,2944,1157.282593
1372839855,2934,2932,1157.282593
1372840005,2934,2930,1151.186279
1372840141,2934,2935,1147.160034
1372840340,2934,2944,1147.160034
1372840411,2934,2942,1138.724365
1372840479,2934,2944,1120.040039
1372840577,2934,2936,1096.260010
1372840676,2934,2935,1096.260010
1372840707,2934,2932,1096.260010
1372840742,2934,2940,1096.260010
1372840776,2934,2941,1096.260010
1372840810,2934,2930,1096.260010
1372840913,2934,2938,1096.260010
1372841043,2934,2943,1096.260010
1372841075,2934,2943,1096.260010
1372841140,2934,2932,1096.260010
1372841204,2934,2930,1096.260010
1372841304,2934,2933,1094.739990
1372841471,2934,2935,1094.739990
1372841574,2934,2942,1091.800049
1372841803,2934,2941,1091.800049
1372841871,2934,2939,1091.800049
1372841966,2934,2933,1091.800049
1372841999,2934,2940,1090.825073
1372842090,2934,2941,1090.825073
1372842157,2934,2930,1090.825073
1372842188,2934,2938,1090.825073
1372842356,2934,2940,1087.869995
1372842622,2934,2931,1086.729980
1372842656,2934,2942,1086.729980
1372842724,2934,2935,1086.729980
1372842953,2934,2930,1086.106567
1372843061,2934,2932,1086.106567
1372843112,2934,2939,1086.106567
1372843266,2934,2935,1086.106567
1372843320,2934,2936,1086.106567
1372843751,2934,2931,1086.106567
1372843799,2934,2939,1086.106567
1372843895,2934,2939,1086.106567
1372843943,2934,2937,1086.106567
1372844091,2934,2940,1086.106567
1372844141,2934,2930,1086.106567
1372844480,2934,2943,1086.106567
1372844620,2934,2936,1086.106567
1372844852,2934,2937,1079.300049
1372845036,2934,2937,1079.300049
1372845082,2934,2935,1079.300049
1372845128,2934,2942,1079.300049
1372845173,2934,2943,1079.300049
1372845264,2934,2931,1079.300049
1372845358,2934,2939,1079.300049
1372845597,2934,2944,1079.300049
1372849177,2934,2933,1079.300049
1372849257,2934,2944,1079.300049
1372849348,2934,2939,1079.300049
1372849393,2934,2933,1079.300049
1372849632,2934,2930,1079.300049
1372849881,2934,2930,1079.300049
1372849977,2934,2941,1076.390015
1372850274,2934,2939,1076.390015
1372850373,2934,2943,1076.390015
1372850423,2934,2933,1076.390015
1372850474,2934,2938,1076.390015
1372850576,2934,2931,1076.390015
1372850624,2934,2942,1076.390015
1372850821,2934,2943,1076.390015
1372851063,2934,2930,1076.390015
1372851157,2934,2941,1076.390015
1372851208,2934,2940,1076.390015
1372851400,2934,2936,1076.390015
1372851541,2934,2940,1076.390015
1372851786,2934,2932,1076.390015
1372851882,2934,2933,1076.390015
1372851929,2934,2935,1076.390015
1372851977,2934,2932,1076.390015
1372852359,2934,2944,1076.390015
1372852500,2934,2939,1076.390015
1372852598,2934,2931,1076.390015
1372852743,2934,2936,1076.390015
1372852887,2934,2930,1076.390015
1372853030,2934,2937,1076.390015
1372853076,2934,2942,1076.390015
1372853168,2934,2943,1076.390015
1372853262,2934,2930,1076.390015
1372853308,2934,2944,1076.390015
1372853362,2934,2936,1076.390015
1372853469,2934,2935,1076.390015
1372853520,2934,2936,1074.849976
1372853713,2934,2930,1074.849976
1372853763,2934,2937,1074.849976
1372853909,2934,2932,1074.082275
1372854155,2934,2937,1074.082275
1372854390,2934,2935,1074.082275
1372854529,2934,2943,1074.079956
1372854773,2934,2938,1074.079956
1372854922,2934,2944,1074.079956
1372855069,2934,2944,1074.079956
1372855119,2934,2932,1074.079956
1372855370,2934,2931,1074.079956
1372855563,2934,2943,1074.079956
1372839472,2932,2939,1250.834229
1372839543,2932,2938,1212.178223
1372839784,2932,2930,1168.500000
1372839915,2932,2944,1157.280029
1372840036,2932,2944,1125.729980
1372840107,2932,2930,1125.729980
1372840239,2932,2931,1125.729980
1372840674,2932,2936,1096.260010
1372840705,2932,2939,1096.260010
1372840740,2932,2940,1096.260010
1372840774,2932,2944,1096.260010
1372841268,2932,2936,1096.260010
1372841335,2932,2931,1096.260010
1372841369,2932,2941,1096.260010
1372841436,2932,2934,1096.260010
1372841469,2932,2944,1094.739990
1372841770,2932,2933,1094.739990
1372841836,2932,2939,1094.739990
1372841999,2932,2930,1090.939941
1372842188,2932,2944,1090.939941
1372842356,2932,2936,1087.869995
1372842423,2932,2936,1087.869995
1372842489,2932,2944,1087.869995
1372842523,2932,2934,1087.869995
1372842657,2932,2937,1087.869995
1372842691,2932,2939,1087.869995
1372842792,2932,2935,1086.729980
1372842857,2932,2942,1086.729980
1372842890,2932,2931,1086.729980
1372842986,2932,2940,1086.729980
1372843020,2932,2933,1086.729980
1372843164,2932,2930,1086.109985
1372843266,2932,2939,1086.109985
1372843468,2932,2940,1086.109985
1372843516,2932,2944,1086.109985
1372843611,2932,2942,1086.109985
1372843659,2932,2944,1086.109985
1372843705,2932,2941,1086.109985
1372843753,2932,2940,1086.109985
1372843801,2932,2941,1086.109985
1372843849,2932,2942,1086.109985
1372843896,2932,2933,1086.109985
1372843945,2932,2944,1086.109985
1372844146,2932,2938,1086.109985
1372844247,2932,2934,1086.109985
1372844436,2932,2939,1086.109985
1372844482,2932,2937,1086.109985
1372844530,2932,2942,1086.109985
1372844623,2932,2941,1086.109985
1372844716,2932,2943,1086.109985
1372844762,2932,2930,1086.109985
1372844902,2932,2938,1086.109985
1372845039,2932,2937,1086.109985
1372845131,2932,2942,1086.109985
1372845177,2932,2934,1086.109985
1372845223,2932,2941,1086.109985
1372845315,2932,2933,1086.109985
1372845363,2932,2940,1086.109985
1372845413,2932,2935,1086.109985
1372845462,2932,2938,1079.300049
1372849182,2932,2939,1079.300049
1372849261,2932,2938,1076.390015
1372849307,2932,2933,1076.390015
1372849398,2932,2944,1076.390015
1372849590,2932,2931,1076.390015
1372849638,2932,2933,1076.390015
1372850031,2932,2940,1076.390015
1372850081,2932,2941,1076.390015
1372850179,2932,2938,1076.390015
1372850581,2932,2941,1076.390015
1372850729,2932,2937,1076.390015
1372851262,2932,2937,1076.390015
1372851358,2932,2937,1076.390015
1372851452,2932,2930,1076.390015
1372851546,2932,2941,1076.390015
1372851597,2932,2933,1076.390015
1372851694,2932,2934,1076.390015
1372851886,2932,2930,1076.390015
1372851982,2932,2942,1076.390015
1372852457,2932,2942,1076.390015
1372852694,2932,2943,1074.849976
1372852937,2932,2944,1074.849976
1372853030,2932,2930,1074.849976
1372853122,2932,2931,1074.849976
1372853262,2932,2936,1074.849976
1372853309,2932,2937,1074.849976
1372853418,2932,2944,1074.849976
1372853470,2932,2942,1074.849976
1372853568,2932,2936,1074.849976
1372853811,2932,2941,1074.849976
1372853862,2932,2943,1074.849976
1372854058,2932,2937,1074.079956
1372854584,2932,2943,1074.079956
1372854679,2932,2938,1074.079956
1372854825,2932,2940,1074.079956
1372854873,2932,2936,1074.079956
1372854971,2932,2935,1074.079956
1372855119,2932,2933,1074.079956
1372855370,2932,2939,1074.079956
1372839374,2933,2937,1348.426880
1372839445,2933,2938,1265.621582
1372839516,2933,2931,1228.950684
1372839551,2933,2943,1210.643066
1372839745,2933,2939,1168.301270
1372839779,2933,2944,1168.301270
1372839910,2933,2942,1152.880005
1372839941,2933,2937,1152.880005
1372839971,2933,2944,1152.880005
1372840102,2933,2941,1130.160034
1372840135,2933,2936,1130.160034
1372840268,2933,2938,1130.160034
1372840303,2933,2943,1130.160034
1372840334,2933,2944,1120.040039
1372840371,2933,2940,1120.040039
1372840537,2933,2937,1114.447998
1372840570,2933,2938,1114.447998
1372840669,2933,2934,1096.260010
1372840700,2933,2943,1096.260010
1372840735,2933,2939,1096.260010
1372840941,2933,2944,1096.260010
1372841037,2933,2942,1096.260010
1372841100,2933,2941,1096.260010
1372841430,2933,2937,1091.798584
1372841463,2933,2936,1091.798584
1372841568,2933,2939,1091.798584
1372841670,2933,2936,1091.798584
1372841867,2933,2931,1091.798584
1372842056,2933,2939,1090.939941
1372842119,2933,2940,1090.939941
1372842250,2933,2932,1087.869995
1372842452,2933,2937,1086.727783
1372842486,2933,2934,1086.727783
1372842720,2933,2932,1086.727783
1372842888,2933,2937,1086.727783
1372843020,2933,2930,1086.727783
1372843059,2933,2932,1086.727783
1372843370,2933,2941,1086.727783
1372843608,2933,2940,1086.475708
1372843844,2933,2930,1086.475708
1372843892,2933,2940,1086.475708
1372843989,2933,2931,1086.109985
1372844185,2933,2936,1086.109985
1372844474,2933,2937,1086.109985
1372844568,2933,2934,1086.109985
1372844661,2933,2942,1086.109985
1372844894,2933,2942,1079.300049
1372844941,2933,2931,1079.300049
1372844986,2933,2937,1079.300049
1372845078,2933,2935,1079.300049
1372845261,2933,2940,1079.300049
1372845405,2933,2932,1079.300049
1372849173,2933,2941,1079.300049
1372849209,2933,2942,1079.300049
1372849299,2933,2941,1079.300049
1372849483,2933,2941,1076.390015
1372849582,2933,2941,1076.390015
1372849680,2933,2942,1076.390015
1372849780,2933,2938,1076.390015
1372849831,2933,2944,1076.390015
1372850025,2933,2940,1076.390015
1372850076,2933,2942,1076.390015
1372850676,2933,2938,1076.390015
1372850772,2933,2930,1076.390015
1372850821,2933,2936,1076.390015
1372850916,2933,2931,1076.390015
1372851306,2933,2938,1076.390015
1372851354,2933,2937,1076.390015
1372851401,2933,2935,1076.390015
1372851542,2933,2943,1076.390015
1372851642,2933,2932,1076.390015
1372851690,2933,2942,1076.390015
1372851786,2933,2931,1076.390015
1372852120,2933,2940,1076.390015
1372852262,2933,2932,1076.390015
1372852310,2933,2941,1076.390015
1372852453,2933,2941,1076.390015
1372852500,2933,2930,1076.390015
1372852549,2933,2937,1076.390015
1372852646,2933,2941,1076.390015
1372852693,2933,2943,1076.390015
1372853029,2933,2937,1076.390015
1372853417,2933,2939,1074.849976
1372853469,2933,2938,1074.849976
1372853520,2933,2931,1074.849976
1372853617,2933,2938,1074.849976
1372853666,2933,2931,1074.849976
1372853812,2933,2942,1074.849976
1372853911,2933,2942,1074.849976
1372854109,2933,2943,1074.849976
1372854157,2933,2941,1074.849976
1372854204,2933,2934,1074.849976
1372854299,2933,2937,1074.849976
1372854487,2933,2930,1074.849976
1372854778,2933,2932,1074.849976
1372854926,2933,2931,1074.849976
1372854974,2933,2938,1074.849976
1372855123,2933,2930,1074.849976
1372855173,2933,2938,1074.079956
1372855223,2933,2937,1074.079956
1372855271,2933,2940,1074.079956
1372855372,2933,2931,1074.079956
1372839430,2937,2934,1296.276611
1372839469,2937,2930,1244.849976
1372839670,2937,2943,1171.709106
1372839702,2937,2932,1168.503662
1372839839,2937,2939,1149.698486
1372839929,2937,2935,1149.698486
1372839960,2937,2932,1141.996704
1372840123,2937,2931,1125.713135
1372840221,2937,2931,1122.724731
1372840291,2937,2932,1122.724731
1372840392,2937,2943,1122.724731
1372840460,2937,2930,1121.877319
1372840624,2937,2932,1096.260010
1372840722,2937,2931,1096.260010
1372840825,2937,2943,1096.260010
1372841025,2937,2944,1096.260010
1372841057,2937,2943,1096.260010
1372841089,2937,2934,1096.260010
1372841218,2937,2944,1096.260010
1372841352,2937,2943,1096.260010
1372841385,2937,2943,1094.739990
1372841487,2937,2930,1091.800049
1372841623,2937,2941,1091.800049
1372841851,2937,2934,1091.800049
1372842013,2937,2933,1091.650024
1372842139,2937,2944,1091.650024
1372842171,2937,2935,1091.650024
1372842202,2937,2940,1091.650024
1372842235,2937,2939,1091.650024
1372842371,2937,2938,1087.869995
1372842604,2937,2938,1086.729980
1372842671,2937,2936,1086.729980
1372842806,2937,2944,1086.729980
1372842839,2937,2938,1086.729980
1372842871,2937,2940,1086.729980
1372843288,2937,2941,1086.729980
1372843342,2937,2942,1086.729980
1372843393,2937,2944,1086.729980
1372843439,2937,2939,1086.729980
1372843486,2937,2932,1086.729980
1372843584,2937,2939,1086.729980
1372843629,2937,2939,1086.729980
1372843964,2937,2940,1086.109985
1372844014,2937,2940,1086.109985
1372844114,2937,2942,1086.109985
1372844163,2937,2942,1086.109985
1372844214,2937,2938,1086.109985
1372844825,2937,2942,1086.109985
1372845010,2937,2933,1079.300049
1372845056,2937,2934,1079.300049
1372845102,2937,2933,1079.300049
1372845240,2937,2942,1079.300049
1372845431,2937,2934,1079.300049
1372845481,2937,2942,1079.300049
1372849416,2937,2944,1079.300049
1372849461,2937,2935,1079.300049
1372849558,2937,2932,1079.300049
1372849757,2937,2940,1079.300049
1372849807,2937,2930,1079.300049
1372849954,2937,2943,1076.390015
1372850002,2937,2939,1076.390015
1372850051,2937,2943,1076.390015
1372850398,2937,2936,1076.390015
1372850449,2937,2934,1076.390015
1372850502,2937,2939,1076.390015
1372850797,2937,2936,1076.390015
1372850846,2937,2938,1076.390015
1372850891,2937,2933,1076.390015
1372850987,2937,2932,1076.390015
1372851087,2937,2934,1076.390015
1372851133,2937,2940,1076.390015
1372851232,2937,2936,1076.390015
1372851280,2937,2938,1076.390015
1372851328,2937,2944,1076.390015
1372851471,2937,2930,1076.390015
1372851618,2937,2940,1076.390015
1372851665,2937,2930,1076.390015
1372851761,2937,2936,1076.390015
1372851905,2937,2930,1076.390015
1372852238,2937,2930,1076.390015
1372852335,2937,2941,1076.390015
1372852381,2937,2938,1076.390015
1372852621,2937,2934,1076.390015
1372852860,2937,2941,1076.390015
1372852955,2937,2930,1076.390015
1372853048,2937,2940,1076.390015
1372853186,2937,2942,1076.390015
1372853436,2937,2934,1074.849976
1372853586,2937,2938,1074.849976
1372853830,2937,2931,1074.849976
1372853879,2937,2936,1074.849976
1372853927,2937,2941,1074.849976
1372853977,2937,2934,1074.849976
1372854363,2937,2941,1074.079956
1372854408,2937,2934,1074.079956
1372854454,2937,2942,1074.079956
1372854501,2937,2935,1074.079956
1372854601,2937,2938,1074.079956
1372854939,2937,2943,1074.079956
1372855036,2937,2936,1074.079956
1372855185,2937,2936,1074.079956
1372855235,2937,2943,1074.079956
1372855284,2937,2944,1074.079956
1372855335,2937,2942,1074.079956
1372855385,2937,2934,1074.079956
1372855535,2937,2930,1074.079956
1372839424,2936,2932,1296.967773
1372839462,2936,2937,1248.249878
1372839498,2936,2931,1248.249878
1372839533,2936,2937,1224.349976
1372839631,2936,2937,1184.146729
1372839761,2936,2938,1162.209106
1372839866,2936,2933,1152.880737
1372839896,2936,2938,1151.031860
1372839926,2936,2944,1141.509277
1372839987,2936,2932,1125.727783
1372840017,2936,2944,1125.727783
1372840084,2936,2940,1125.727783
1372840352,2936,2938,1114.173950
1372840521,2936,2943,1096.636963
1372840684,2936,2939,1096.260010
1372840717,2936,2933,1096.260010
1372840924,2936,2933,1096.260010
1372840959,2936,2944,1096.260010
1372841053,2936,2938,1096.260010
1372841085,2936,2937,1096.260010
1372841214,2936,2935,1094.739990
1372841246,2936,2934,1094.739990
1372841346,2936,2937,1094.739990
1372841413,2936,2939,1094.739990
1372841748,2936,2940,1091.650269
1372841815,2936,2943,1091.650269
1372841915,2936,2937,1091.650269
1372841946,2936,2939,1091.650269
1372841979,2936,2940,1091.650269
1372842071,2936,2939,1091.650269
1372842199,2936,2934,1090.939941
1372842368,2936,2930,1090.939941
1372842500,2936,2935,1087.869995
1372842536,2936,2940,1087.869995
1372842569,2936,2933,1087.869995
1372842634,2936,2932,1087.869995
1372842668,2936,2930,1087.869995
1372842803,2936,2933,1086.729980
1372842835,2936,2933,1086.729980
1372842900,2936,2939,1086.729980
1372842932,2936,2941,1086.729980
1372842997,2936,2941,1086.729980
1372843335,2936,2940,1086.729980
1372843387,2936,2943,1086.109985
1372843434,2936,2930,1086.109985
1372843861,2936,2937,1086.109985
1372844007,2936,2931,1086.109985
1372844206,2936,2934,1086.109985
1372844495,2936,2932,1086.109985
1372844634,2936,2935,1086.109985
1372844727,2936,2932,1086.109985
1372844914,2936,2931,1086.109985
1372845051,2936,2944,1079.300049
1372845428,2936,2931,1079.300049
1372845477,2936,2930,1079.300049
1372845662,2936,2943,1079.300049
1372849228,2936,2934,1079.300049
1372849504,2936,2942,1079.300049
1372849552,2936,2930,1079.300049
1372849651,2936,2943,1079.300049
1372849996,2936,2933,1079.300049
1372850045,2936,2941,1079.300049
1372850293,2936,2930,1076.390015
1372850396,2936,2941,1076.390015
1372850597,2936,2942,1076.390015
1372850698,2936,2940,1076.390015
1372851278,2936,2935,1076.390015
1372851326,2936,2933,1076.390015
1372851422,2936,2930,1076.390015
1372851470,2936,2933,1076.390015
1372851516,2936,2933,1076.390015
1372851565,2936,2937,1076.390015
1372851616,2936,2930,1076.390015
1372851808,2936,2932,1076.390015
1372852334,2936,2943,1076.390015
1372852427,2936,2931,1076.390015
1372852524,2936,2941,1076.390015
1372852860,2936,2934,1076.390015
1372853094,2936,2933,1074.849976
1372853233,2936,2930,1074.849976
1372853280,2936,2944,1074.849976
1372853437,2936,2942,1074.849976
1372853733,2936,2940,1074.849976
1372853829,2936,2938,1074.849976
1372853976,2936,2942,1074.849976
1372854076,2936,2931,1074.849976
1372854362,2936,2937,1074.849976
1372854408,2936,2934,1074.849976
1372854892,2936,2934,1074.849976
1372855039,2936,2939,1074.079956
1372855288,2936,2934,1074.079956
1372855339,2936,2930,1074.079956
1372855390,2936,2944,1074.079956
1372839561,2935,2939,1211.620117
1372839690,2935,2938,1175.532104
1372839758,2935,2934,1172.181763
1372839794,2935,2940,1172.181763
1372840044,2935,2937,1149.699951
1372840079,2935,2933,1149.699951
1372840182,2935,2943,1142.971069
1372840282,2935,2930,1142.971069
1372840348,2935,2940,1142.971069
1372840385,2935,2943,1142.971069
1372840583,2935,2941,1096.260010
1372840616,2935,2936,1096.260010
1372840815,2935,2933,1096.260010
1372840955,2935,2939,1096.260010
1372840986,2935,2941,1096.260010
1372841178,2935,2931,1096.260010
1372841241,2935,2930,1096.260010
1372841340,2935,2941,1094.739990
1372841614,2935,2931,1094.739990
1372841683,2935,2942,1094.739990
1372841781,2935,2934,1094.739990
1372841813,2935,2943,1094.739990
1372841913,2935,2932,1094.739990
1372842009,2935,2932,1094.739990
1372842070,2935,2943,1094.739990
1372842135,2935,2941,1094.739990
1372842167,2935,2933,1087.869995
1372842263,2935,2930,1087.869995
1372842466,2935,2943,1087.869995
1372842500,2935,2943,1087.869995
1372842568,2935,2941,1087.869995
1372842700,2935,2930,1087.869995
1372842735,2935,2936,1087.869995
1372842835,2935,2932,1086.729980
1372842932,2935,2939,1086.729980
1372843033,2935,2939,1086.729980
1372843078,2935,2936,1086.729980
1372843282,2935,2939,1086.729980
1372843625,2935,2932,1086.109985
1372843718,2935,2941,1086.109985
1372843767,2935,2937,1086.109985
1372843814,2935,2939,1086.109985
1372843863,2935,2934,1086.109985
1372843911,2935,2933,1086.109985
1372844009,2935,2944,1086.109985
1372844312,2935,2934,1086.109985
1372844498,2935,2940,1086.109985
1372844544,2935,2939,1086.109985
1372844730,2935,2943,1086.109985
1372845051,2935,2940,1086.109985
1372845098,2935,2939,1086.109985
1372845236,2935,2944,1079.300049
1372845378,2935,2938,1079.300049
1372845568,2935,2933,1079.300049
1372845660,2935,2936,1079.300049
1372849319,2935,2936,1079.300049
1372849504,2935,2939,1076.390015
1372849552,2935,2933,1076.390015
1372849602,2935,2938,1076.390015
1372849901,2935,2934,1076.390015
1372850096,2935,2942,1076.390015
1372850446,2935,2941,1076.390015
1372850597,2935,2933,1076.390015
1372850645,2935,2932,1076.390015
1372850842,2935,2930,1076.390015
1372850888,2935,2940,1076.390015
1372851085,2935,2934,1076.390015
1372851373,2935,2936,1076.390015
1372851419,2935,2933,1076.390015
1372851468,2935,2930,1076.390015
1372851661,2935,2932,1076.390015
1372851854,2935,2942,1076.390015
1372852091,2935,2940,1076.390015
1372852139,2935,2943,1076.390015
1372852377,2935,2939,1076.390015
1372852570,2935,2943,1076.390015
1372852618,2935,2938,1076.390015
1372852712,2935,2939,1076.390015
1372852809,2935,2941,1076.390015
1372852905,2935,2944,1076.390015
1372853045,2935,2944,1076.390015
1372853137,2935,2933,1076.390015
1372853383,2935,2941,1074.849976
1372853732,2935,2941,1074.849976
1372853829,2935,2930,1074.849976
1372853928,2935,2941,1074.849976
1372854077,2935,2930,1074.849976
1372854173,2935,2930,1074.849976
1372854268,2935,2939,1074.849976
1372854745,2935,2931,1074.079956
1372854942,2935,2941,1074.079956
1372855138,2935,2944,1074.079956
1372855239,2935,2931,1074.079956
1372855288,2935,2930,1074.079956
1372855440,2935,2930,1074.079956
1372855539,2935,2930,1074.079956
1372839436,2939,2936,1296.113525
1372839510,2939,2933,1250.829956
1372839578,2939,2943,1215.729980
1372839780,2939,2935,1168.300049
1372839882,2939,2938,1149.699951
1372840033,2939,2930,1149.699951
1372840067,2939,2941,1149.699951
1372840202,2939,2940,1149.699951
1372840236,2939,2944,1149.699951
1372840335,2939,2937,1149.699951
1372840372,2939,2940,1104.239990
1372840538,2939,2932,1104.239990
1372840571,2939,2944,1104.239990
1372840637,2939,2941,1104.239990
1372840769,2939,2936,1096.260010
1372840840,2939,2936,1096.260010
1372840975,2939,2938,1096.260010
1372841006,2939,2940,1096.260010
1372841070,2939,2941,1096.260010
1372841167,2939,2930,1096.260010
1372841198,2939,2934,1096.260010
1372841397,2939,2942,1096.260010
1372841464,2939,2932,1094.739990
1372841702,2939,2937,1091.800049
1372841766,2939,2936,1091.800049
1372841901,2939,2937,1091.800049
1372841964,2939,2944,1091.800049
1372842090,2939,2936,1090.939941
1372842155,2939,2935,1090.939941
1372842187,2939,2934,1090.939941
1372842219,2939,2933,1090.939941
1372842285,2939,2940,1090.939941
1372842321,2939,2943,1090.939941
1372842354,2939,2931,1090.939941
1372842388,2939,2931,1090.939941
1372842588,2939,2935,1087.869995
1372842688,2939,2940,1087.869995
1372842758,2939,2938,1086.729980
1372842791,2939,2944,1086.729980
1372842855,2939,2934,1086.729980
1372842920,2939,2937,1086.729980
1372843020,2939,2930,1086.729980
1372843990,2939,2938,1079.298584
1372844382,2939,2931,1079.298584
1372844429,2939,2941,1079.298584
1372844711,2939,2934,1079.298584
1372844943,2939,2936,1079.298584
1372844989,2939,2936,1079.298584
1372845035,2939,2941,1079.298584
1372845173,2939,2944,1079.298584
1372845218,2939,2931,1079.298584
1372845359,2939,2942,1076.390015
1372849782,2939,2941,1076.390015
1372850027,2939,2936,1076.390015
1372850624,2939,2935,1076.390015
1372851109,2939,2937,1076.390015
1372851207,2939,2935,1076.390015
1372851353,2939,2944,1076.390015
1372851400,2939,2937,1076.390015
1372851495,2939,2944,1076.390015
1372851882,2939,2933,1076.390015
1372852214,2939,2942,1076.390015
1372852261,2939,2937,1076.390015
1372852499,2939,2942,1076.390015
1372852548,2939,2935,1076.390015
1372852596,2939,2938,1076.390015
1372852836,2939,2938,1076.390015
1372852932,2939,2936,1076.390015
1372853024,2939,2931,1076.390015
1372853709,2939,2935,1074.849976
1372854103,2939,2931,1074.849976
1372854481,2939,2930,1074.849976
1372854528,2939,2937,1074.849976
1372854674,2939,2940,1074.849976
1372854771,2939,2943,1074.849976
1372854968,2939,2938,1074.849976
1372855066,2939,2930,1074.849976
1372855314,2939,2933,1074.079956
1372839431,2938,2936,1293.475220
1372839643,2938,2934,1189.517090
1372839679,2938,2935,1173.069946
1372839817,2938,2930,1156.064575
1372839971,2938,2941,1130.162964
1372840001,2938,2933,1130.162964
1372840031,2938,2931,1120.036133
1372840267,2938,2944,1104.333252
1372840334,2938,2939,1104.244751
1372840371,2938,2941,1102.979858
1372840404,2938,2943,1102.979858
1372840439,2938,2937,1096.258301
1372840472,2938,2934,1096.258301
1372840537,2938,2935,1096.258301
1372840604,2938,2933,1096.258301
1372840636,2938,2932,1096.258301
1372840700,2938,2939,1096.258301
1372840941,2938,2936,1096.258301
1372841100,2938,2931,1094.740356
1372841134,2938,2936,1094.740356
1372841329,2938,2934,1094.740356
1372841396,2938,2943,1094.740356
1372841429,2938,2939,1094.740356
1372841798,2938,2933,1094.701050
1372841831,2938,2932,1090.939941
1372841866,2938,2941,1090.939941
1372841931,2938,2932,1090.939941
1372841962,2938,2941,1087.874634
1372841995,2938,2930,1087.874634
1372842119,2938,2935,1087.874634
1372842153,2938,2940,1087.874634
1372842184,2938,2934,1087.874634
1372842283,2938,2942,1087.874634
1372842318,2938,2931,1087.874634
1372842685,2938,2932,1086.729980
1372842719,2938,2939,1086.729980
1372842754,2938,2936,1086.729980
1372842885,2938,2943,1086.729980
1372842949,2938,2936,1086.729980
1372843255,2938,2931,1086.729980
1372843361,2938,2944,1086.729980
1372843410,2938,2936,1086.729980
1372843505,2938,2932,1086.109985
1372843742,2938,2936,1086.109985
1372844131,2938,2942,1079.300049
1372844178,2938,2943,1079.300049
1372844329,2938,2943,1079.300049
1372844374,2938,2940,1079.300049
1372844562,2938,2943,1079.300049
1372844702,2938,2933,1079.300049
1372844748,2938,2944,1079.300049
1372844794,2938,2933,1079.300049
1372845118,2938,2942,1076.393677
1372845255,2938,2939,1076.393677
1372845301,2938,2931,1076.393677
1372845400,2938,2941,1076.393677
1372849338,2938,2943,1076.390015
1372849383,2938,2944,1076.390015
1372849773,2938,2937,1076.390015
1372849823,2938,2930,1076.390015
1372849968,2938,2942,1076.390015
1372850015,2938,2944,1076.390015
1372850265,2938,2936,1076.390015
1372850413,2938,2944,1076.390015
1372850569,2938,2939,1076.390015
1372850908,2938,2941,1076.390015
1372851056,2938,2940,1076.390015
1372851104,2938,2933,1076.390015
1372851151,2938,2937,1076.390015
1372851250,2938,2935,1076.390015
1372851297,2938,2934,1076.390015
1372851345,2938,2936,1076.390015
1372851393,2938,2942,1076.390015
1372851532,2938,2937,1076.390015
1372851730,2938,2943,1076.390015
1372851778,2938,2936,1076.390015
1372851826,2938,2936,1076.390015
1372852066,2938,2939,1076.390015
1372852162,2938,2934,1076.390015
1372852306,2938,2939,1076.390015
1372852354,2938,2942,1076.390015
1372852400,2938,2940,1076.390015
1372852449,2938,2930,1076.390015
1372852546,2938,2931,1076.390015
1372852738,2938,2931,1076.390015
1372852835,2938,2941,1076.390015
1372852931,2938,2931,1076.390015
1372852977,2938,2933,1076.390015
1372853116,2938,2937,1076.390015
1372853162,2938,2937,1076.390015
1372853514,2938,2930,1076.390015
1372853562,2938,2932,1074.849976
1372853659,2938,2940,1074.849976
1372853805,2938,2941,1074.849976
1372853855,2938,2932,1074.849976
1372854001,2938,2942,1074.849976
1372854052,2938,2941,1074.849976
1372854149,2938,2932,1074.849976
1372854196,2938,2943,1074.849976
1372854244,2938,2939,1074.849976
1372854432,2938,2932,1074.849976
1372854528,2938,2937,1074.849976
1372854675,2938,2932,1074.079956
1372854723,2938,2934,1074.079956
1372854970,2938,2942,1074.079956
1372855118,2938,2937,1074.079956
1372855266,2938,2939,1074.079956
1372855603,2938,2939,1074.079956
1372843215,2940,2943,1232.441040
1372843472,2940,2944,1000.510925
1372843513,2940,2942,964.375183
1372843555,2940,2942,944.497742
1372843595,2940,2943,918.871094
1372843714,2940,2944,881.606018
1372843835,2940,2944,850.908264
1372843918,2940,2943,818.929688
1372843959,2940,2944,818.929688
1372844215,2940,2941,760.321899
1372844259,2940,2944,754.157349
1372844458,2940,2943,742.684143
1372844658,2940,2943,731.661987
1372844698,2940,2942,731.661987
1372844856,2940,2941,719.757996
1372844895,2940,2942,719.757996
1372844974,2940,2942,718.452576
1372845090,2940,2944,716.989502
1372845168,2940,2942,716.989502
1372845246,2940,2942,710.419678
1372845409,2940,2943,707.781738
1372845451,2940,2943,707.781738
1372845492,2940,2941,706.916199
1372845571,2940,2941,701.380005
1372845649,2940,2941,701.380005
1372849261,2940,2943,701.380005
1372849300,2940,2941,701.380005
1372849339,2940,2941,701.380005
1372849378,2940,2942,701.380005
1372849623,2940,2944,695.878418
1372849665,2940,2943,695.239929
1372849707,2940,2944,695.239929
1372849958,2940,2941,691.744995
1372849998,2940,2944,691.744995
1372850337,2940,2942,691.410767
1372850421,2940,2944,691.228333
1372850552,2940,2944,690.972412
1372850593,2940,2944,690.972412
1372850633,2940,2944,690.972412
1372850678,2940,2942,690.887085
1372851050,2940,2941,690.395020
1372851131,2940,2943,689.648010
1372851170,2940,2941,689.648010
1372851337,2940,2941,689.648010
1372851379,2940,2941,689.648010
1372851582,2940,2942,689.571777
1372851624,2940,2942,689.305847
1372851665,2940,2943,689.269958
1372851746,2940,2942,689.269958
1372851787,2940,2942,689.254211
1372851909,2940,2944,689.096008
1372852153,2940,2942,688.695007
1372852194,2940,2943,688.693970
1372852517,2940,2941,688.281006
1372852558,2940,2944,688.281006
1372852679,2940,2944,687.979980
1372852721,2940,2944,687.979980
1372853006,2940,2942,687.856018
1372853123,2940,2944,687.856018
1372853161,2940,2943,687.856018
1372853201,2940,2942,687.856018
1372853282,2940,2943,687.856018
1372853370,2940,2942,687.789001
1372853672,2940,2941,687.789001
1372853754,2940,2943,687.789001
1372853837,2940,2944,687.789001
1372853879,2940,2942,687.684021
1372854004,2940,2944,687.684021
1372854046,2940,2944,687.684021
1372854089,2940,2944,687.684021
1372854210,2940,2944,687.684021
1372854290,2940,2943,687.684021
1372854331,2940,2942,687.684021
1372854371,2940,2942,687.684021
1372854450,2940,2944,687.684021
1372854530,2940,2943,687.684021
1372854656,2940,2944,687.627991
1372854737,2940,2941,687.627991
1372854906,2940,2943,687.538025
1372854989,2940,2941,687.528992
1372855241,2940,2943,687.528992
1372855326,2940,2942,687.528992
1372855370,2940,2943,687.528992
1372855640,2940,2942,687.479004
1372855677,2940,2944,687.479004
1372855701,2940,2941,687.460999
1372855778,2940,2944,687.453003
1372855831,2940,2942,687.440979
1372855869,2940,2942,687.440979
1372855906,2940,2941,687.429993
1372855931,2940,2943,687.429993
1372855944,2940,2942,687.429993
1372856016,2940,2941,687.419983
1372856029,2940,2943,687.419983
1372856043,2940,2943,687.419983
1372856106,2940,2942,687.418030
1372856144,2940,2943,687.416992
1372856180,2940,2941,687.416992
1372856254,2940,2942,687.416992
1372856292,2940,2943,687.416992
1372856304,2940,2943,687.416992
1372856328,2940,2941,687.416992
1372856387,2940,2943,687.416992
1372856409,2940,2942,687.416992
1372856432,2940,2944,687.416992
1372856443,2940,2941,687.416992
1372856478,2940,2943,687.416992
1372856502,2940,2942,687.416992
1372856514,2940,2944,687.416992
1372856525,2940,2942,687.416992
1372856539,2940,2942,687.416992
1372843518,2941,2944,1029.329956
1372843560,2941,2942,1019.243042
1372843600,2941,2943,1014.515869
1372843678,2941,2943,906.937988
1372843758,2941,2940,906.937988
1372843799,2941,2944,858.752991
1372843839,2941,2940,858.752991
1372844303,2941,2944,755.263367
1372844580,2941,2943,729.197205
1372844658,2941,2942,727.186401
1372844696,2941,2940,726.257263
1372844775,2941,2944,722.059814
1372844972,2941,2940,719.757996
1372845011,2941,2942,716.862305
1372845205,2941,2943,711.021973
1372845405,2941,2940,709.976746
1372845448,2941,2940,709.976746
1372845490,2941,2940,709.315369
1372845528,2941,2943,709.315369
1372845568,2941,2943,706.916016
1372845685,2941,2944,701.380005
1372849279,2941,2944,698.663025
1372849357,2941,2943,698.663025
1372849398,2941,2943,698.663025
1372849814,2941,2943,692.648010
1372850105,2941,2943,691.744995
1372850273,2941,2944,691.665100
1372850357,2941,2944,691.356018
1372850400,2941,2940,691.356018
1372850487,2941,2943,691.356018
1372850531,2941,2940,691.142029
1372850573,2941,2942,691.079651
1372850614,2941,2943,690.911804
1372850700,2941,2944,690.793213
1372850740,2941,2942,690.744995
1372850781,2941,2943,690.642273
1372850946,2941,2942,689.956970
1372851112,2941,2943,689.956970
1372851237,2941,2943,689.648010
1372851319,2941,2944,689.648010
1372851360,2941,2942,689.648010
1372851812,2941,2944,689.088562
1372852056,2941,2942,688.725891
1372852096,2941,2942,688.286011
1372852256,2941,2942,688.283752
1372852300,2941,2944,688.283752
1372852380,2941,2944,688.229980
1372852544,2941,2944,688.044983
1372852626,2941,2944,688.044983
1372852667,2941,2942,688.044983
1372852790,2941,2944,688.044983
1372853111,2941,2944,687.913025
1372853271,2941,2942,687.789001
1372853404,2941,2940,687.789001
1372853494,2941,2942,687.789001
1372853576,2941,2944,687.789001
1372853784,2941,2943,687.708984
1372853908,2941,2943,687.708984
1372854034,2941,2944,687.708984
1372854159,2941,2943,687.708984
1372854439,2941,2943,687.627991
1372854560,2941,2940,687.627991
1372854683,2941,2942,687.627991
1372854724,2941,2944,687.627991
1372854808,2941,2944,687.627991
1372854851,2941,2940,687.627991
1372855101,2941,2940,687.528992
1372855227,2941,2944,687.523987
1372855269,2941,2944,687.523987
1372855311,2941,2942,687.523987
1372855440,2941,2942,687.515991
1372855481,2941,2943,687.515991
1372855562,2941,2944,687.515991
1372855636,2941,2942,687.515991
1372855649,2941,2940,687.515991
1372855660,2941,2943,687.515991
1372855684,2941,2943,687.515991
1372855723,2941,2943,687.460999
1372855735,2941,2942,687.453003
1372855747,2941,2940,687.453003
1372855801,2941,2940,687.453003
1372855814,2941,2944,687.453003
1372855851,2941,2940,687.453003
1372855887,2941,2940,687.453003
1372855900,2941,2940,687.453003
1372855925,2941,2944,687.429993
1372856010,2941,2940,687.429993
1372856036,2941,2944,687.419983
1372856075,2941,2944,687.419983
1372856088,2941,2940,687.419983
1372856112,2941,2940,687.419983
1372856124,2941,2943,687.419983
1372856137,2941,2944,687.419983
1372856161,2941,2944,687.419983
1372856186,2941,2944,687.419983
1372856198,2941,2940,687.416992
1372856210,2941,2944,687.416992
1372856333,2941,2944,687.416992
1372856401,2941,2940,687.416992
1372856483,2941,2940,687.416992
1372856506,2941,2943,687.416992
1372856540,2941,2943,687.416992
1372856563,2941,2943,687.416992
1372843267,2942,2940,1181.889282
1372843311,2942,2944,1148.066284
1372843398,2942,2944,1067.070435
1372843437,2942,2941,1029.326172
1372843520,2942,2944,961.303711
1372843603,2942,2941,906.937500
1372843723,2942,2941,858.752869
1372844223,2942,2940,796.194458
1372844266,2942,2944,792.704834
1372844348,2942,2944,746.359985
1372844428,2942,2941,746.359985
1372844548,2942,2940,731.662170
1372844589,2942,2943,731.662170
1372844667,2942,2943,729.067993
1372844707,2942,2943,723.226501
1372844785,2942,2940,719.757874
1372845098,2942,2941,711.165527
1372845138,2942,2941,711.021667
1372845177,2942,2943,708.639099
1372845376,2942,2944,706.031006
1372845578,2942,2943,703.539978
1372845656,2942,2941,703.539978
1372849214,2942,2944,703.539978
1372849254,2942,2944,703.539978
1372849333,2942,2940,702.382446
1372849489,2942,2941,694.424988
1372849614,2942,2944,694.424988
1372849655,2942,2944,694.424988
1372849698,2942,2944,692.648010
1372849741,2942,2944,692.648010
1372849826,2942,2944,692.648010
1372850118,2942,2943,691.760864
1372850202,2942,2941,691.668030
1372850330,2942,2943,691.305420
1372850673,2942,2940,690.394592
1372850839,2942,2941,689.957458
1372850919,2942,2941,689.957458
1372851045,2942,2940,689.647766
1372851086,2942,2943,689.647766
1372851124,2942,2944,689.618408
1372851206,2942,2943,689.331543
1372851411,2942,2943,689.157959
1372851491,2942,2944,688.921204
1372852023,2942,2941,688.286133
1372852225,2942,2940,688.280579
1372852266,2942,2941,688.229675
1372852428,2942,2941,688.045227
1372852592,2942,2940,687.979736
1372852795,2942,2940,687.913208
1372852835,2942,2941,687.913208
1372852875,2942,2944,687.855652
1372852917,2942,2944,687.855652
1372852956,2942,2940,687.855652
1372853036,2942,2944,687.855652
1372853075,2942,2944,687.788513
1372853192,2942,2941,687.788513
1372853312,2942,2940,687.788513
1372853700,2942,2941,687.709412
1372853825,2942,2940,687.684326
1372854202,2942,2941,687.627502
1372854242,2942,2943,687.625305
1372854283,2942,2943,687.618164
1372854484,2942,2943,687.580750
1372854649,2942,2943,687.570801
1372854731,2942,2940,687.551392
1372854815,2942,2943,687.544434
1372854857,2942,2940,687.537781
1372854941,2942,2940,687.528931
1372855064,2942,2941,687.524414
1372855149,2942,2943,687.516418
1372855192,2942,2944,687.511230
1372855567,2942,2940,687.478638
1372855650,2942,2943,687.466980
1372855674,2942,2940,687.461182
1372855686,2942,2944,687.456055
1372855712,2942,2941,687.452698
1372855776,2942,2940,687.441284
1372855816,2942,2943,687.437683
1372855828,2942,2944,687.435730
1372855842,2942,2944,687.433655
1372855866,2942,2940,687.430115
1372855904,2942,2943,687.424194
1372855967,2942,2944,687.421021
1372856002,2942,2940,687.419678
1372856014,2942,2943,687.419067
1372856026,2942,2943,687.419067
1372856040,2942,2943,687.418884
1372856053,2942,2940,687.418213
1372856104,2942,2940,687.417786
1372856128,2942,2940,687.417419
1372856214,2942,2944,687.416748
1372856265,2942,2940,687.416626
1372856277,2942,2941,687.416626
1372856312,2942,2944,687.416626
1372856325,2942,2943,687.416626
1372856404,2942,2940,687.416626
1372856449,2942,2940,687.416626
1372856461,2942,2940,687.416626
1372856473,2942,2944,687.416626
1372856485,2942,2943,687.416626
1372856555,2942,2941,687.416626
1372856577,2942,2941,687.416626
1372843224,2943,2941,1226.296631
1372843316,2943,2940,1156.077759
1372843360,2943,2940,1111.165894
1372843604,2943,2944,922.195862
1372843804,2943,2944,826.905640
1372843968,2943,2940,782.489563
1372844011,2943,2941,775.360291
1372844054,2943,2940,763.558289
1372844095,2943,2940,763.558289
1372844138,2943,2944,755.951477
1372844223,2943,2944,747.086487
1372844266,2943,2942,746.360413
1372844424,2943,2942,737.971680
1372844465,2943,2944,735.170288
1372844545,2943,2941,734.616272
1372844625,2943,2941,729.197021
1372844664,2943,2940,729.197021
1372844743,2943,2940,726.133240
1372844900,2943,2944,713.733459
1372845056,2943,2944,712.541931
1372845291,2943,2942,706.031067
1372845371,2943,2942,703.540344
1372845496,2943,2940,701.380493
1372849209,2943,2941,698.662537
1372849366,2943,2940,696.669128
1372849407,2943,2944,696.669128
1372849445,2943,2942,694.424683
1372849610,2943,2941,692.647522
1372849651,2943,2942,692.647522
1372849905,2943,2940,691.745056
1372850027,2943,2940,691.689331
1372850111,2943,2940,691.667603
1372850153,2943,2942,691.667603
1372850194,2943,2941,691.667603
1372850237,2943,2940,691.450928
1372850280,2943,2941,691.355896
1372850322,2943,2940,691.355896
1372850405,2943,2942,691.259460
1372850450,2943,2941,691.142151
1372850661,2943,2942,690.746155
1372850704,2943,2942,690.746155
1372850907,2943,2944,690.548889
1372851076,2943,2942,690.386414
1372851322,2943,2944,689.331970
1372851564,2943,2944,689.158020
1372851606,2943,2941,689.158020
1372851728,2943,2944,689.095520
1372851769,2943,2940,689.095520
1372851811,2943,2941,688.988464
1372851852,2943,2944,688.988464
1372851932,2943,2940,688.940247
1372851973,2943,2942,688.924927
1372852012,2943,2942,688.861633
1372852093,2943,2940,688.694519
1372852136,2943,2940,688.693848
1372852216,2943,2944,688.693848
1372852255,2943,2941,688.684387
1372852338,2943,2944,688.606934
1372852378,2943,2941,688.598572
1372852460,2943,2944,688.534119
1372852501,2943,2942,688.534119
1372852584,2943,2941,688.463745
1372852625,2943,2941,688.463745
1372852665,2943,2940,688.463745
1372852705,2943,2940,688.463745
1372852790,2943,2940,688.447449
1372852831,2943,2941,688.442383
1372852872,2943,2940,688.442383
1372852913,2943,2944,688.431274
1372852954,2943,2941,688.431274
1372852994,2943,2940,688.394775
1372853150,2943,2944,688.341003
1372853189,2943,2941,688.341003
1372853311,2943,2940,687.856018
1372853699,2943,2940,687.856018
1372853742,2943,2941,687.856018
1372853825,2943,2941,687.708984
1372853868,2943,2941,687.708984
1372854078,2943,2942,687.708984
1372854403,2943,2942,687.617981
1372854483,2943,2942,687.617981
1372854854,2943,2942,687.570984
1372854939,2943,2942,687.544006
1372854979,2943,2941,687.538025
1372855362,2943,2941,687.515991
1372855650,2943,2942,687.515991
1372855686,2943,2944,687.466980
1372855712,2943,2942,687.466980
1372855737,2943,2944,687.460999
1372855748,2943,2940,687.460999
1372855775,2943,2940,687.460999
1372855828,2943,2944,687.460999
1372855865,2943,2944,687.437988
1372855903,2943,2944,687.437988
1372855966,2943,2944,687.424011
1372856078,2943,2940,687.419006
1372856139,2943,2944,687.419006
1372856164,2943,2940,687.416992
1372856200,2943,2944,687.416992
1372856225,2943,2942,687.416992
1372856262,2943,2942,687.416992
1372856275,2943,2942,687.416992
1372856347,2943,2940,687.416992
1372856392,2943,2942,687.416992
1372856413,2943,2940,687.416992
1372856437,2943,2941,687.416992
1372856473,2943,2942,687.416992
1372856555,2943,2940,687.416992
1372856578,2943,2941,687.416992
